0	327
0	508
0	1815
1	893
1	1560
2	28
2	741
2	1358
2	2198
3	12
3	95
3	136
3	158
3	187
3	299
3	315
3	352
3	553
3	581
3	628
3	736
3	1110
3	1121
3	1138
3	1310
3	1489
3	1584
3	1736
3	2016
3	2179
3	2201
3	2215
3	2280
4	454
4	1396
4	1424
4	1669
4	2217
5	668
6	320
6	854
6	973
7	402
7	928
8	1805
8	2277
9	740
9	960
9	1346
9	2231
10	89
10	98
10	1443
10	1944
10	2369
11	31
11	65
11	247
11	494
11	516
11	888
11	939
11	1003
11	1821
12	95
12	265
12	315
12	322
12	367
12	419
12	553
12	565
12	764
12	926
12	1106
12	1140
12	1489
12	1583
12	1979
12	2081
12	2098
12	2179
12	2201
13	120
13	1286
13	1535
14	366
14	942
14	993
14	1340
14	1373
14	2152
15	301
15	324
15	391
15	1261
15	1441
15	1574
15	1688
15	1861
16	256
16	611
17	505
17	1697
18	84
19	1398
20	999
20	1431
20	1445
20	1812
20	2032
20	2170
20	2261
21	843
21	913
21	966
21	1340
21	1416
21	1461
21	1706
21	1708
21	1889
21	2172
21	2272
21	2329
22	442
22	776
23	466
23	1385
23	1503
23	1635
23	1891
24	276
24	391
24	886
24	1607
24	1892
24	2216
25	84
25	311
25	1272
26	86
26	105
26	616
26	757
26	1038
26	1202
26	1567
27	644
27	712
27	726
27	895
27	1135
27	1208
27	1329
27	1394
27	1764
27	1893
27	1904
27	2088
27	2197
28	741
28	1358
28	2198
29	425
30	105
30	254
30	922
30	984
30	1841
30	2032
30	2292
30	2364
31	247
31	494
31	531
31	633
31	798
31	939
31	1350
31	1354
31	1359
31	1401
31	1596
31	1601
31	1662
31	1727
31	1754
31	1821
31	1966
31	2136
31	2276
31	2322
31	2391
32	60
32	206
32	1060
32	2208
33	315
33	320
33	419
33	821
33	1005
33	1276
33	1483
33	1660
33	1715
34	163
34	238
34	293
34	308
34	1146
34	1205
34	1698
34	2314
35	341
35	633
35	998
35	1069
35	1298
35	1431
35	1459
35	1524
35	2235
36	631
36	716
36	1002
36	1256
36	1645
36	2048
36	2069
37	134
37	151
37	356
37	425
37	578
37	713
37	726
37	1030
37	1520
37	1584
37	1609
37	1622
37	2091
37	2197
38	214
38	474
38	650
38	658
38	912
38	1245
38	1326
38	1469
38	1784
38	1945
38	2163
38	2364
39	885
39	1197
39	1406
40	717
40	868
41	144
41	265
41	427
41	480
41	632
41	816
41	1322
41	1450
41	1978
41	1984
41	2196
42	273
42	425
42	495
42	580
42	658
42	689
42	855
42	979
42	1015
42	1086
42	1120
42	1168
42	1548
42	1571
42	1944
42	1948
42	1993
43	1179
43	2067
43	2353
44	1914
45	866
45	1327
45	1399
45	1517
45	2135
46	89
47	1907
47	2018
47	2214
47	2231
47	2388
48	450
48	942
48	1639
49	95
49	237
49	279
49	402
49	521
49	677
49	797
49	1163
49	1583
49	1750
49	1786
49	1822
49	2049
49	2051
49	2125
49	2379
49	2383
50	895
50	1819
50	1825
50	1848
51	708
52	627
52	2338
53	728
53	743
53	950
53	1422
53	1651
54	2070
54	2160
54	2194
54	2240
55	1044
55	1524
56	282
56	584
56	880
56	1222
56	1606
56	1764
56	1778
56	1831
56	1956
56	2345
57	200
57	367
57	1353
57	1540
57	1592
57	1943
57	2116
58	141
58	247
58	344
58	385
58	486
58	1208
58	1417
58	1549
58	1794
58	2077
58	2235
59	699
59	1187
59	1637
59	2383
60	64
60	144
60	206
60	318
60	573
60	633
60	669
60	714
60	774
60	814
60	869
60	1011
60	1060
60	1130
60	1151
60	1555
60	1577
60	1622
60	1842
60	2080
60	2106
61	284
61	710
61	895
61	1245
61	1358
62	136
62	172
62	216
62	267
62	467
62	794
62	989
62	1157
62	1162
62	1243
62	1493
62	2047
62	2236
63	1339
64	134
64	144
64	181
64	256
64	351
64	395
64	633
64	996
64	1021
64	1138
64	2051
64	2088
64	2171
64	2241
64	2269
64	2271
65	516
65	888
65	1003
65	1524
65	1930
66	93
66	453
66	604
66	1024
66	1054
66	1194
66	1489
66	1720
66	1828
66	1842
66	2088
66	2187
66	2254
67	247
67	320
67	436
67	559
67	1483
67	1908
67	1980
67	2293
67	2391
68	337
68	376
68	418
68	507
68	633
68	1081
68	1395
68	1569
68	1854
68	2387
68	2389
69	425
69	456
69	695
69	735
69	739
69	856
69	1023
69	1049
69	1151
69	1182
69	1185
69	1378
69	1396
69	1531
69	1645
69	1758
69	2048
69	2272
70	939
70	1022
70	1791
71	1576
71	1799
72	639
72	1478
72	2112
72	2205
73	210
73	300
73	431
73	713
73	1098
73	1354
73	1389
73	1660
73	1704
73	2074
73	2114
73	2127
73	2241
74	173
74	1383
75	120
75	315
75	484
75	609
75	931
75	1030
75	1110
75	1254
75	1438
75	2199
75	2311
76	967
76	2165
76	2286
77	191
77	323
77	432
77	1409
77	1721
77	2282
77	2378
78	263
78	1857
79	565
79	1232
80	464
80	825
80	2001
81	895
81	1727
81	1816
82	247
82	338
83	302
83	546
83	553
83	765
83	777
83	876
83	890
83	972
83	1748
83	1897
83	2098
83	2149
83	2201
84	136
84	311
84	586
84	717
84	728
84	1272
84	1350
84	1475
84	1653
84	1717
84	1721
84	2248
84	2284
85	827
85	1075
85	1458
86	139
86	339
86	1038
86	1202
86	1295
86	1515
86	1864
86	1880
86	2138
86	2297
86	2310
86	2357
87	1100
87	1398
87	1765
88	122
88	394
88	931
88	2208
89	98
89	343
89	482
89	944
89	1443
89	1880
89	2369
90	545
91	102
91	134
91	168
91	169
91	215
91	224
91	462
91	463
91	532
91	772
91	781
91	876
91	902
91	1086
91	1201
91	1209
91	1360
91	1520
91	1554
91	1664
91	1857
91	1909
91	1967
91	1982
91	1999
91	2202
91	2244
91	2313
92	371
92	474
92	895
92	1229
92	1805
92	2024
92	2025
93	1194
94	419
94	1093
94	1169
94	1424
94	2136
94	2223
94	2276
94	2375
95	233
95	256
95	276
95	307
95	419
95	446
95	533
95	553
95	558
95	797
95	821
95	926
95	1032
95	1081
95	1123
95	1141
95	1151
95	1270
95	1383
95	1489
95	1583
95	2049
95	2051
95	2086
95	2179
95	2201
95	2215
95	2241
95	2333
95	2336
95	2362
96	491
96	531
96	1766
97	617
97	947
97	1108
97	1163
97	1487
97	1718
97	2094
98	1443
98	2369
99	539
100	133
100	778
101	181
101	565
101	1238
101	1252
101	1322
102	168
102	593
102	1201
102	1664
102	1909
102	1982
102	2140
103	385
104	153
104	188
104	669
104	741
104	783
104	1392
104	1489
104	1577
104	2043
104	2333
104	2344
105	616
105	922
105	984
105	1800
105	2032
105	2292
106	565
106	1751
106	2258
106	2399
107	1164
108	920
108	1081
108	2206
108	2371
108	2387
109	117
109	163
109	224
109	644
109	875
109	878
109	960
109	1072
109	1262
109	1947
109	1985
109	1996
109	2113
109	2237
109	2366
109	2386
110	364
110	1369
111	2058
112	225
112	596
112	743
112	1018
112	2199
113	1569
114	1805
114	2325
115	1354
116	895
117	224
117	644
117	875
117	878
117	960
117	1262
117	1740
117	1947
117	1985
117	1996
117	2113
117	2237
117	2366
117	2386
118	2148
119	792
119	853
119	1062
119	1075
119	1172
119	1415
119	2144
119	2370
120	128
120	478
120	484
120	526
120	528
120	689
120	975
120	1030
120	1100
120	1151
120	1310
120	1473
120	1532
120	1871
120	2311
121	703
121	784
121	807
121	931
121	1110
121	1115
121	1149
121	1239
121	1265
121	1392
121	1676
121	1783
121	2022
121	2157
121	2255
121	2263
121	2276
121	2294
121	2379
122	394
122	1395
122	1456
122	1586
122	2307
123	956
123	982
123	1133
123	1792
123	1847
123	2000
124	249
124	627
124	881
124	1314
124	1394
124	1553
124	1575
124	1716
124	1786
124	2033
124	2141
125	232
125	737
125	2325
126	216
126	387
126	633
126	656
126	708
126	777
126	808
126	831
126	895
126	1023
126	1065
126	1075
126	1094
126	1108
126	1158
126	1396
126	1466
126	1706
126	1708
126	1718
126	1916
126	2063
126	2279
126	2322
126	2339
127	2218
129	273
129	275
129	370
129	607
129	706
129	773
129	818
129	882
129	1001
129	1012
129	1111
129	1294
129	1300
129	1336
129	1435
129	1499
129	1500
129	1501
129	1530
129	1539
129	2075
129	2310
129	2381
129	2384
130	1567
130	1989
131	134
131	178
131	755
131	1360
131	2187
131	2203
132	137
132	323
132	705
132	743
132	869
132	892
132	1371
132	1385
132	1551
132	1748
132	1954
132	2006
132	2267
133	240
133	243
133	286
133	358
133	622
133	672
133	778
133	1425
133	2302
134	200
134	356
134	482
134	1138
134	2187
134	2203
134	2222
135	443
135	1848
136	172
136	364
136	371
136	453
136	467
136	628
136	1032
136	1089
136	1117
136	1173
136	1429
136	1577
136	1584
136	1618
136	1833
136	1907
136	1931
136	2155
136	2249
136	2397
137	939
137	1208
138	662
138	731
138	1319
139	239
139	339
139	843
139	1038
139	1202
139	1254
139	1295
139	1423
139	1776
139	1880
139	2050
139	2297
139	2357
139	2392
140	157
140	334
140	382
140	417
140	742
140	835
140	846
140	1066
140	1154
140	1253
140	1282
140	1706
140	1708
140	2089
140	2259
140	2338
141	271
141	294
141	482
141	773
141	935
141	1040
141	1608
141	2077
141	2295
142	172
142	974
142	1169
142	1257
142	1502
143	273
143	304
143	362
144	316
144	330
144	356
144	384
144	427
144	633
144	869
144	897
144	1015
144	1221
144	1360
144	1572
144	1624
144	1984
144	2119
144	2330
145	713
145	1748
146	288
146	294
146	647
146	796
146	940
146	1951
147	1447
147	1712
147	1898
147	2292
148	557
148	622
148	1090
148	1711
148	2195
149	486
149	557
149	686
149	854
149	2141
149	2326
149	2372
150	1569
150	1636
151	726
151	942
151	1431
151	1622
151	1706
151	1708
152	406
152	1493
152	1702
152	1703
152	1741
152	2060
152	2120
153	188
153	505
153	780
153	783
153	983
153	1021
153	1190
153	1392
153	1583
153	1661
153	1697
153	1870
153	1965
153	1969
153	2344
154	1529
154	1815
155	778
155	1622
156	1235
156	1652
156	1809
156	2345
157	684
157	716
157	909
157	1111
157	1184
157	1267
157	1404
157	1489
157	1499
157	1500
157	1706
157	1708
157	1869
157	1910
157	1950
157	2147
157	2396
158	396
158	399
158	423
158	628
158	661
158	681
158	797
158	919
158	1023
158	1037
158	1062
158	1079
158	1121
158	1397
158	1415
158	1485
158	1497
158	1584
158	1762
158	2179
158	2190
158	2223
159	423
159	649
159	718
159	804
159	1422
159	1469
159	1537
160	483
160	948
160	1388
160	1602
160	2080
161	590
161	1015
161	1167
161	2150
161	2180
162	509
162	1148
162	1390
163	238
163	293
163	308
163	773
163	1072
163	1146
163	1205
163	1651
163	1698
163	2079
163	2126
163	2145
163	2177
163	2314
164	912
165	1364
165	1667
166	784
166	1217
166	1344
166	1769
167	380
167	660
168	260
168	953
168	1004
168	1201
168	1217
168	1236
168	1318
168	1664
168	1909
168	1982
169	371
169	532
169	1026
169	1360
169	1520
169	1664
169	2202
170	1249
170	1496
171	1249
171	2297
172	248
172	467
172	927
172	974
172	1109
172	1169
172	1190
172	2296
173	1010
173	1383
173	2033
173	2388
174	1278
175	1237
176	520
176	822
176	1291
176	2069
176	2384
177	499
177	511
177	583
177	1181
177	1298
177	1492
177	1716
178	797
178	1024
178	1444
178	1720
178	2203
179	622
179	833
179	892
179	1516
179	1616
180	548
180	581
180	1368
180	2267
181	547
181	565
181	996
181	1238
181	1252
181	2265
181	2329
182	426
182	590
182	724
182	961
182	1164
182	1229
182	1284
182	1439
182	2239
182	2345
183	1464
183	1707
184	431
184	1421
184	1520
185	854
185	1015
185	1577
185	2241
186	2239
186	2280
187	299
187	352
187	795
187	1138
187	1479
187	1523
187	1584
187	1601
187	1764
187	1769
187	1944
187	1979
187	2016
187	2324
188	783
188	1392
188	2344
189	317
189	327
189	561
189	576
189	613
189	752
189	875
189	1102
189	1174
189	1242
189	1442
189	1449
189	1661
189	1681
189	1874
189	2000
189	2075
190	712
190	1237
190	1760
191	323
191	432
191	1409
191	1721
191	2282
191	2378
192	564
192	838
192	1972
192	2012
193	1339
193	2151
193	2359
194	2112
195	1234
195	1246
196	1002
196	1998
196	2194
196	2249
197	198
197	1577
198	357
198	371
198	535
198	553
198	565
198	569
198	697
198	757
198	763
198	805
198	838
198	868
198	898
198	931
198	980
198	1026
198	1190
198	1268
198	1351
198	1577
198	1582
198	1686
198	1724
198	1922
198	1974
198	1979
198	1991
198	2166
198	2201
198	2211
198	2345
198	2366
198	2392
199	702
199	1319
199	1320
199	1642
199	2064
199	2277
200	210
200	367
200	468
200	1189
200	1215
200	1353
200	1380
200	1592
200	1694
200	1943
200	2116
200	2267
200	2301
200	2337
201	1914
202	2279
203	676
204	374
204	398
204	441
204	558
204	898
204	922
204	924
204	1235
204	1533
204	1767
204	1804
204	1873
204	1883
204	1958
204	2002
204	2122
204	2247
204	2304
205	809
206	631
206	658
206	1060
206	1925
206	2208
207	280
208	365
208	660
208	662
208	1319
208	1320
208	1321
208	1339
208	2004
209	245
209	392
209	1835
210	258
210	431
210	601
210	1089
210	1098
210	1170
210	1186
210	1786
210	2161
210	2315
211	913
211	1611
212	1103
212	1819
213	309
213	502
213	620
213	688
213	705
213	944
213	966
213	1264
213	1484
213	1867
213	1964
213	2077
213	2162
213	2169
214	1148
214	1245
214	1469
214	1945
214	2364
215	341
215	369
215	536
215	797
215	799
215	943
215	1012
215	1082
215	1128
215	1241
215	1839
215	2041
215	2279
216	267
216	708
216	794
216	989
216	1157
216	1162
216	1493
216	2047
217	2265
217	2329
218	608
219	358
219	680
219	743
219	897
219	910
219	1062
219	1084
219	1152
219	1203
219	1270
219	1368
219	1410
219	1447
219	1897
219	2070
219	2143
219	2160
219	2189
219	2194
220	399
220	1933
220	2033
220	2050
221	489
221	974
222	1567
222	1919
222	1971
222	2122
223	1043
224	644
224	875
224	878
224	960
224	1086
224	1262
224	1857
224	1919
224	1947
224	1985
224	1996
224	2113
224	2237
224	2280
224	2366
224	2386
226	1879
227	624
227	751
227	1050
227	1728
227	2220
228	2316
229	1908
230	483
230	1051
230	1588
231	1738
231	1830
232	737
232	2137
232	2325
233	275
233	307
233	489
233	1544
233	2384
234	258
234	320
234	677
234	1140
234	1207
234	1224
234	1718
234	1980
234	2110
234	2263
234	2353
234	2374
235	252
235	342
235	454
235	490
235	549
235	557
235	583
235	643
235	644
235	694
235	1081
235	1096
235	1135
235	1255
235	1322
235	1438
235	1447
235	1632
235	1712
235	1848
235	1862
235	1863
235	2025
235	2051
235	2063
236	237
236	286
236	422
236	512
236	636
236	878
236	911
236	1461
236	1648
236	1649
236	1666
236	1689
236	1857
236	1936
236	2043
236	2328
237	259
237	319
237	335
237	449
237	618
237	636
237	667
237	821
237	878
237	970
237	999
237	1006
237	1525
237	1648
237	1649
237	1669
237	1897
237	1936
237	2043
237	2071
237	2388
238	293
238	308
238	1146
238	1205
238	1698
238	2314
239	713
239	916
239	1063
239	1202
239	1295
239	2050
239	2059
239	2357
239	2392
240	243
240	1800
240	2012
241	248
241	294
241	490
241	521
241	1032
241	1052
241	1155
241	1261
241	1809
241	1972
241	2141
242	620
242	1374
242	2000
242	2034
243	1800
243	2012
244	1027
245	392
245	479
245	557
245	734
245	788
245	1011
245	1018
245	1550
245	1634
245	1835
245	2053
246	1398
246	1744
247	494
247	1414
247	1558
247	1821
247	2202
247	2235
247	2391
248	516
248	540
248	927
248	978
248	1032
248	1641
248	1718
248	1835
248	1889
248	2147
248	2292
249	480
249	699
249	714
249	1237
249	1314
249	1394
249	1575
249	1786
249	2033
250	596
250	1059
250	1425
250	1437
250	1647
250	1786
250	2190
251	2148
252	302
252	644
252	694
252	1002
252	1135
252	1255
252	1447
253	1398
254	1038
254	1213
254	1215
254	1383
254	1469
254	1588
254	1841
254	1933
254	1945
254	2364
255	1148
256	395
256	558
256	611
256	642
256	733
256	958
256	1021
256	1153
256	1246
256	1247
256	1248
256	1385
256	1518
256	1617
256	1672
256	1766
256	1986
256	2171
256	2336
257	535
257	628
257	1391
257	2042
258	448
258	601
258	736
258	756
258	762
258	854
258	1186
258	1815
258	1817
258	2027
258	2263
258	2266
259	530
259	618
260	953
260	1004
260	1201
260	1217
260	1236
260	1318
261	635
261	1511
261	1991
262	299
262	318
262	425
262	448
262	456
262	628
262	693
262	699
262	858
262	1038
262	1075
262	1254
262	1322
262	1348
262	1380
262	1382
262	1595
262	1625
262	1803
262	1830
262	1916
262	2040
262	2296
263	1857
264	493
265	374
265	521
265	527
265	632
265	739
265	797
265	854
265	1140
265	1322
265	1421
265	1503
265	1764
265	1795
265	2098
265	2149
265	2221
266	1702
267	303
267	463
267	588
267	602
267	794
267	898
267	989
267	1157
267	1162
267	1259
267	1266
267	1303
267	1493
267	1520
267	1566
267	1647
267	1918
267	2013
267	2047
267	2050
267	2089
267	2190
268	514
268	548
268	657
268	702
268	906
268	912
268	1155
268	1613
268	1849
268	2009
268	2172
268	2280
269	669
269	813
269	1334
269	1929
270	914
270	1010
270	1015
270	1245
270	1490
270	1553
270	1634
270	2152
270	2273
270	2387
271	320
271	419
271	773
271	1037
271	1115
271	1429
271	1465
271	1575
271	1608
271	1659
271	1815
271	1881
271	1928
271	2255
272	896
272	1499
272	1500
273	275
273	304
273	305
273	347
273	362
273	370
273	424
273	425
273	495
273	498
273	510
273	607
273	706
273	773
273	818
273	882
273	957
273	979
273	1001
273	1012
273	1111
273	1294
273	1300
273	1336
273	1435
273	1468
273	1499
273	1500
273	1501
273	1527
273	1530
273	1539
273	1834
273	1993
273	2075
273	2272
273	2298
273	2310
273	2339
273	2367
273	2371
273	2381
273	2384
274	1275
274	1728
275	370
275	489
275	493
275	574
275	577
275	607
275	706
275	716
275	724
275	773
275	818
275	882
275	1001
275	1012
275	1111
275	1294
275	1300
275	1336
275	1435
275	1499
275	1500
275	1501
275	1530
275	1539
275	1544
275	1931
275	2063
275	2075
275	2209
275	2310
275	2381
275	2384
276	391
276	886
276	894
276	924
276	926
276	1075
276	1158
276	1164
276	1420
276	1438
276	1607
276	1652
276	1892
276	2179
276	2216
276	2362
277	2020
278	941
278	1061
278	1403
278	1438
278	1752
279	284
279	557
279	582
279	701
279	940
279	972
279	1032
279	1350
279	1398
279	1494
279	2018
279	2074
279	2279
279	2288
279	2383
280	626
281	542
281	894
281	1122
281	1757
281	2098
282	384
282	404
282	591
282	676
282	1222
282	1280
282	1508
282	1626
282	2297
283	573
283	1495
283	1577
283	2387
284	680
284	701
284	1117
284	1245
284	1355
284	1949
284	2073
284	2121
284	2194
285	868
285	1761
286	358
286	495
286	516
286	556
286	570
286	615
286	622
286	724
286	849
286	911
286	1108
286	1149
286	1192
286	1312
286	1425
286	1461
286	1666
286	1689
286	1714
286	1830
286	1857
286	2253
286	2302
286	2328
287	1224
287	1232
287	2367
288	294
288	647
288	796
288	940
288	1951
289	489
289	1802
290	646
290	1688
290	1873
291	968
291	1186
291	1330
291	1349
291	1940
291	2368
292	515
292	624
292	749
292	850
292	1246
292	1504
292	1638
292	2332
293	308
293	1146
293	1205
293	1698
293	2314
294	647
294	722
294	773
294	796
294	940
294	1080
294	1412
294	1843
294	1951
294	2127
295	357
295	667
295	726
296	566
296	916
296	1062
296	2050
297	502
297	929
298	1499
298	1500
298	1823
299	352
299	378
299	490
299	493
299	867
299	929
299	1063
299	1075
299	1093
299	1102
299	1138
299	1222
299	1235
299	1343
299	1348
299	1380
299	1382
299	1673
299	1881
299	1916
299	1961
299	2016
299	2073
299	2373
300	713
300	1704
300	2241
301	1261
301	1441
301	1688
301	1861
302	777
302	893
302	1560
302	1725
302	1736
302	1748
302	1868
302	2147
302	2267
303	463
303	570
303	588
303	602
303	713
303	898
303	1259
303	1266
303	1566
303	1647
303	1918
303	2013
303	2089
303	2133
303	2190
304	305
304	347
304	362
304	424
304	498
304	510
304	957
304	1834
304	2075
304	2298
304	2339
304	2371
305	2339
306	496
306	738
306	787
306	1147
306	1436
306	1771
306	2138
306	2173
307	521
307	1717
307	2020
308	1146
308	1205
308	1698
308	2314
309	502
309	620
309	688
309	705
309	944
309	966
309	1264
309	1484
309	1867
309	1964
309	2077
309	2162
309	2169
310	1736
311	511
311	978
311	1272
311	1499
311	1500
312	394
312	1652
313	2291
314	2295
315	322
315	419
315	544
315	821
315	1110
315	1365
315	1431
315	1492
315	1566
315	1715
315	1783
315	2007
315	2172
315	2199
315	2296
315	2398
316	466
316	1572
316	1624
316	1638
317	327
317	561
317	576
317	613
317	752
317	875
317	1102
317	1174
317	1242
317	1442
317	1449
317	1661
317	1681
317	1874
317	2000
317	2075
318	341
318	350
318	714
319	335
319	449
319	819
319	1006
319	1454
319	1455
319	1525
319	1669
319	1716
319	1887
319	1898
319	1997
319	2071
319	2152
319	2218
319	2219
319	2360
320	436
320	759
320	760
320	854
320	1332
320	1483
320	1715
320	1908
321	477
322	477
322	557
323	432
323	484
323	524
323	653
323	702
323	1409
323	1478
323	1657
323	1721
323	1836
323	2148
323	2282
323	2289
323	2378
323	2379
323	2394
324	1574
324	1861
325	364
325	735
325	1151
325	1365
325	1369
326	1711
326	1958
326	2195
326	2327
327	508
327	561
327	576
327	613
327	752
327	875
327	1102
327	1174
327	1242
327	1442
327	1449
327	1661
327	1681
327	1815
327	1874
327	2000
327	2075
328	2314
329	331
329	661
329	1148
329	1384
329	1392
329	1457
329	1734
329	2074
330	1738
331	661
331	1384
331	1392
331	1457
331	1734
331	2074
332	1569
332	2165
332	2305
333	538
333	631
333	809
333	1176
333	1450
333	1834
333	1865
333	2294
334	382
334	742
334	797
334	835
334	846
334	1059
334	1066
334	1154
334	1253
334	2259
334	2285
335	449
335	1006
335	1525
335	1567
335	1623
335	1669
335	1719
335	1992
335	2071
336	1736
336	1781
336	1878
337	507
337	633
338	1132
338	1273
338	1420
338	1712
338	2269
338	2305
338	2333
338	2358
339	843
339	1038
339	1202
339	1295
339	1880
339	2297
339	2357
340	1419
340	1526
340	2354
341	350
341	369
341	505
341	998
341	1041
341	1069
341	1139
341	1298
341	1310
341	1338
341	1341
341	1459
341	1646
341	1785
341	1911
341	2233
341	2279
342	1438
343	1880
344	489
344	659
345	1197
346	520
346	563
346	1660
346	1671
346	2062
347	424
347	510
348	535
348	674
348	1931
348	1974
349	619
349	893
349	1560
349	1877
349	2055
352	454
352	493
352	720
352	867
352	897
352	929
352	1063
352	1102
352	1138
352	1343
352	1349
352	1623
352	1700
352	1999
352	2016
352	2049
352	2073
352	2340
353	1848
354	923
354	1588
355	435
355	1689
356	869
356	1015
356	1221
357	371
357	553
357	569
357	667
357	670
357	686
357	697
357	726
357	757
357	863
357	898
357	916
357	931
357	980
357	1026
357	1038
357	1057
357	1064
357	1081
357	1190
357	1225
357	1268
357	1351
357	1520
357	1582
357	1686
357	1922
357	1974
357	2050
357	2087
357	2152
357	2166
357	2299
357	2366
357	2392
358	622
358	1425
358	2302
359	1461
359	1931
360	1219
360	1299
360	1547
360	1561
360	1645
360	2048
361	475
361	907
361	1104
361	1654
362	831
362	1562
362	1859
362	2115
363	1667
363	1714
363	2208
364	371
364	490
364	491
364	735
364	1032
364	1151
364	1188
364	1284
364	1365
364	1369
364	1394
364	1426
364	1828
364	1833
364	1931
365	660
365	662
365	1319
365	1320
365	1321
365	1339
366	381
366	590
366	924
366	1340
366	1581
366	2025
366	2152
366	2306
367	572
367	871
367	1353
367	1583
367	1592
367	1754
367	1829
367	1943
367	2025
367	2116
368	530
368	589
368	1346
368	1624
368	1939
368	1976
368	2182
368	2221
369	645
369	651
369	860
369	898
369	905
369	1256
369	1547
369	1645
369	1693
369	1996
369	2048
369	2279
370	607
370	706
370	773
370	818
370	882
370	1001
370	1012
370	1111
370	1294
370	1300
370	1336
370	1435
370	1499
370	1500
370	1501
370	1530
370	1539
370	2075
370	2310
370	2381
370	2384
371	474
371	508
371	514
371	553
371	569
371	657
371	697
371	757
371	821
371	845
371	895
371	898
371	931
371	1026
371	1032
371	1114
371	1159
371	1190
371	1229
371	1356
371	1368
371	1489
371	1576
371	1805
371	1811
371	1833
371	1873
371	1894
371	1900
371	1909
371	1931
371	1958
371	2147
371	2166
371	2366
372	546
372	1087
372	1845
373	377
373	834
373	1408
373	1616
373	2329
374	1235
374	1385
374	1503
374	1533
374	2221
375	1617
376	1081
376	2387
377	834
377	1408
377	1616
377	2329
378	467
378	630
378	802
378	894
378	1195
378	2016
378	2271
379	468
379	1766
381	455
381	590
381	642
381	891
381	980
381	1431
381	1655
381	2236
382	742
382	835
382	846
382	1066
382	1154
382	1253
382	2259
383	2222
384	732
384	733
384	869
384	1405
385	427
385	678
385	695
385	831
385	1009
385	1143
385	1208
385	1471
385	1629
385	2298
385	2345
386	1278
386	1593
386	1640
386	2269
387	648
387	715
387	1032
387	1344
387	1634
387	1656
388	2190
389	1394
389	1988
389	2019
390	1991
391	398
391	471
391	551
391	886
391	893
391	914
391	1027
391	1337
391	1560
391	1607
391	1884
391	1892
391	2078
391	2216
391	2304
392	1835
393	508
393	758
393	815
393	1403
393	1705
393	1908
393	2105
394	1652
395	1021
395	1367
395	1694
395	1888
395	2171
395	2374
396	432
396	517
396	712
396	924
396	991
396	1116
396	1140
396	2081
396	2121
396	2148
396	2379
397	804
397	935
397	2134
398	471
398	898
398	1337
398	1533
398	1883
398	1884
398	1956
398	2078
398	2304
399	1037
399	1397
399	1716
399	1933
399	2033
399	2058
399	2190
400	976
400	1027
400	1029
400	1380
400	1652
400	1685
401	807
402	650
402	928
402	1356
402	1523
402	1603
402	1716
402	1751
402	1800
402	1818
402	2007
402	2045
402	2291
402	2356
403	515
403	607
403	757
403	1246
404	591
404	1280
404	1626
405	699
405	1165
405	1343
405	1483
406	1702
406	1703
406	2060
406	2120
407	901
408	1306
408	1339
408	1963
409	1489
409	1623
409	2018
409	2326
410	1314
410	2387
411	1419
412	1283
412	1592
412	1829
413	1148
414	1672
414	1788
414	1815
415	555
415	1281
415	1573
415	1584
415	1643
415	1790
415	1905
415	1935
415	2118
415	2361
416	2096
416	2360
417	742
417	2089
418	1395
418	1398
418	1569
418	1854
418	2389
419	533
419	633
419	699
419	736
419	768
419	821
419	926
419	1051
419	1230
419	1232
419	1416
419	1481
419	1715
419	2024
419	2121
419	2122
419	2179
419	2191
420	700
420	724
420	782
420	1188
420	1250
420	1382
420	1560
420	1696
420	1711
420	2191
421	1334
423	649
423	718
423	804
423	1148
423	1270
423	1422
423	1469
423	1537
423	1979
423	2024
424	510
425	495
425	695
425	735
425	979
425	1049
425	1151
425	1322
425	1468
425	1527
425	1531
425	1584
425	1595
425	1758
425	1875
425	1993
425	2197
425	2272
425	2357
425	2367
426	503
426	590
426	961
426	1284
426	1339
426	1934
426	2239
427	1009
427	1471
427	1953
427	1984
427	2230
427	2231
428	821
428	2091
428	2112
428	2219
429	1030
429	1828
430	1198
430	1246
430	2056
431	477
431	1119
431	1265
431	1324
431	1520
431	2101
431	2190
432	1409
432	1721
432	2121
432	2282
432	2378
433	1663
434	442
434	756
434	880
434	1692
434	1848
434	2002
434	2127
434	2221
435	443
435	624
435	656
435	934
435	955
435	1007
435	1015
435	1352
435	1360
435	1689
435	1872
435	2253
436	1908
437	1515
437	2212
438	2279
439	784
439	965
439	974
439	1490
440	563
441	729
441	1209
441	1533
441	1594
441	2241
442	585
442	776
442	880
442	912
442	1036
442	1118
442	1579
442	1751
442	2002
442	2130
442	2142
442	2197
442	2221
442	2274
442	2276
442	2290
443	934
443	1848
444	2314
445	753
445	2225
445	2242
446	926
446	931
446	1123
446	1583
446	2162
447	2004
448	601
448	628
448	699
448	1038
449	1006
449	1017
449	1525
449	1669
449	2006
449	2071
449	2097
450	623
450	962
450	1317
450	1342
450	1474
450	1538
450	1639
450	1722
450	1779
450	1955
450	2178
450	2213
450	2347
451	1452
451	1539
451	2120
452	942
452	1438
452	2141
453	489
453	1489
453	1585
453	1907
453	2088
454	1046
454	1255
454	1396
454	1424
454	1535
454	1623
454	1632
454	1669
454	1700
454	1862
454	1863
454	2217
454	2340
455	1338
455	1614
455	1655
455	1806
455	2202
456	856
456	1378
456	1625
457	2100
458	745
458	1965
459	1815
459	2292
460	596
460	1633
461	712
462	473
462	548
462	608
462	614
462	794
462	902
462	971
462	1026
462	1054
462	1300
462	1422
462	1555
462	1589
462	1597
462	1765
462	1857
462	2001
462	2313
463	588
463	602
463	876
463	898
463	1259
463	1266
463	1566
463	1647
463	1829
463	1857
463	1918
463	1923
463	2013
463	2089
463	2190
464	825
464	2001
465	517
465	669
465	936
465	1482
465	1977
465	2055
465	2227
466	1311
466	1699
466	2037
466	2249
467	516
467	630
467	631
467	802
467	894
467	927
467	1084
467	1415
467	1552
467	1576
467	1584
467	1614
467	1926
467	2081
467	2179
467	2288
467	2316
467	2321
468	1766
469	690
469	836
469	1052
469	1786
469	1960
469	2000
469	2222
470	1677
471	1337
471	1884
471	2078
471	2304
472	1718
473	614
473	794
473	971
473	1026
473	1278
473	1424
473	1597
473	1717
473	1775
473	2001
473	2146
473	2318
473	2372
474	617
474	619
474	823
474	895
474	1229
474	1326
474	1382
474	1805
474	1977
476	1483
477	557
477	927
477	1119
477	1392
477	1926
477	2294
477	2315
478	1623
478	1871
478	2152
478	2216
479	734
479	1011
479	1550
479	1634
479	2387
480	900
480	1121
480	1658
480	1786
480	2196
481	750
481	1011
481	2178
481	2318
482	636
482	693
482	694
482	789
482	1040
482	1660
482	1808
482	2317
483	1051
483	1588
484	653
484	1030
484	2311
485	832
485	1270
485	2014
486	557
486	1631
486	1685
486	2326
487	498
487	2277
488	1850
488	1912
489	659
489	974
489	1169
489	1544
489	1802
489	1907
489	2081
489	2283
489	2294
489	2384
490	643
490	716
490	804
490	894
490	966
490	1061
490	1111
490	1261
490	1322
490	1411
490	1499
490	1500
490	1797
490	1961
490	1972
490	2016
490	2133
491	531
491	1284
491	1426
491	1766
492	708
492	904
492	930
492	1446
492	2153
493	527
493	677
493	720
493	784
493	929
493	1063
493	1110
493	1831
493	1853
493	1892
493	1990
493	2016
494	1821
495	724
495	979
495	1993
495	2302
495	2328
496	738
496	787
496	1147
496	1436
496	1771
496	2138
496	2173
497	827
497	828
497	864
497	1308
497	1852
498	608
498	1834
498	2277
499	511
499	583
499	1492
500	598
500	1288
500	1634
501	794
501	1857
502	620
502	688
502	705
502	891
502	944
502	966
502	1264
502	1484
502	1702
502	1766
502	1867
502	1964
502	2077
502	2162
502	2169
502	2243
503	1732
503	2236
504	2377
505	1190
505	1330
505	1697
505	2004
505	2102
505	2233
506	657
506	845
506	870
506	1894
507	633
507	1237
507	1555
508	522
508	995
508	1114
508	1232
508	1403
508	1417
508	1811
508	1815
508	2082
508	2105
508	2235
508	2265
508	2273
508	2279
508	2296
508	2356
509	1148
509	1390
510	1611
511	583
511	978
511	1275
511	1399
511	1492
511	1499
511	1500
511	1509
511	1531
511	2027
511	2181
512	1344
513	546
513	2319
514	821
514	1026
514	1270
514	1421
514	1613
514	1956
515	607
515	682
515	757
515	850
515	1246
515	1467
515	1504
515	1533
515	2309
516	556
516	601
516	631
516	768
516	800
516	888
516	927
516	1003
516	1108
516	1110
516	1339
516	1458
516	1591
516	1733
516	1926
516	2184
516	2302
517	545
517	778
517	936
517	1033
517	1075
517	1139
517	1330
517	1482
517	1489
517	1590
517	1916
517	2081
517	2148
517	2227
517	2380
518	1014
518	1395
518	1588
519	1705
520	563
520	1671
520	2384
521	713
521	1305
521	1489
521	1706
521	1708
521	1894
521	1909
521	1959
522	903
522	2058
522	2273
523	1002
525	1417
526	1310
527	662
527	782
527	881
527	1158
527	1990
527	2197
528	686
528	880
528	1010
528	1270
528	1397
528	1743
528	2033
528	2121
529	887
529	901
529	1175
529	1932
530	589
530	1305
530	1328
530	1333
530	1346
530	1421
530	1578
530	1748
530	2182
531	587
531	727
531	958
531	1359
531	1596
531	1766
531	1941
531	1966
532	1360
532	1520
532	1664
532	2202
533	821
533	1798
534	1933
535	628
535	674
535	763
535	770
535	805
535	1071
535	1089
535	1216
535	1391
535	1520
535	1757
535	1931
535	1974
535	2042
535	2114
536	797
536	943
537	1240
537	1271
537	1570
537	2150
537	2250
538	631
538	809
538	1176
538	1450
538	1834
538	1865
538	2294
539	1250
539	1267
539	1489
539	1816
539	2235
539	2304
540	558
540	661
540	880
540	959
540	990
540	1018
540	1312
540	1415
540	1438
540	1714
540	1729
540	2130
540	2253
541	998
541	1161
541	1460
541	1476
541	1667
541	1879
541	1971
541	2329
542	894
542	1122
542	1757
542	2098
543	568
543	657
543	903
543	914
543	1006
543	1121
543	1379
543	1761
543	1983
543	2031
544	699
544	757
544	778
544	927
544	1270
544	1350
544	1365
544	1384
544	1416
544	1615
544	1726
544	1837
544	1861
544	1889
544	2148
544	2172
544	2223
545	1265
545	1330
545	1411
545	1745
545	2148
546	611
546	706
546	937
546	1025
546	1087
546	1783
546	1845
546	1861
546	2319
547	2265
547	2329
548	906
548	911
548	1084
548	1192
548	1555
548	1727
548	1849
550	591
550	1765
551	664
551	687
551	691
551	692
551	797
551	914
551	1138
551	1249
551	1292
551	1413
551	1560
551	2074
552	696
552	769
552	770
553	565
553	569
553	596
553	697
553	757
553	838
553	898
553	931
553	936
553	972
553	1026
553	1190
553	1237
553	1489
553	1594
553	1627
553	1831
553	1979
553	2166
553	2201
553	2366
554	2121
554	2158
555	1281
555	1573
555	1584
555	1643
555	1790
555	1905
555	1935
555	2118
555	2361
556	1108
557	583
557	622
557	1018
557	1090
557	1270
557	1711
557	1848
557	2008
557	2141
557	2195
557	2326
557	2372
558	661
558	880
558	973
558	1340
558	1533
558	1638
558	1663
558	2002
558	2025
558	2122
558	2336
559	1027
559	1483
559	1980
559	2293
560	757
560	980
560	1268
561	576
561	613
561	752
561	875
561	1102
561	1174
561	1242
561	1442
561	1449
561	1661
561	1681
561	1874
561	2000
561	2075
562	2063
563	1659
563	1671
564	685
564	838
564	938
564	1668
564	1958
564	2012
564	2017
565	797
565	838
565	1232
565	1238
565	1252
565	1349
565	1583
565	1751
565	1917
565	1979
565	2201
565	2258
565	2276
566	831
566	916
566	941
566	1062
566	1245
566	1400
566	2050
567	596
567	1539
568	657
568	1379
568	1761
568	2031
569	697
569	757
569	898
569	931
569	1026
569	1190
569	1711
569	2007
569	2166
569	2195
569	2366
570	585
570	615
570	801
570	866
570	1149
570	1232
570	1565
570	2334
571	827
571	828
571	839
571	1076
571	1448
571	1490
572	1829
572	2025
573	693
573	880
573	1090
573	1334
573	1438
573	1495
573	1577
573	1705
573	1828
573	1842
573	2004
573	2303
574	577
574	2209
575	1052
575	1084
575	1090
575	1314
575	1551
575	1687
575	1772
575	1781
575	1786
575	2144
576	613
576	752
576	875
576	1102
576	1174
576	1242
576	1442
576	1449
576	1661
576	1681
576	1874
576	2000
576	2075
577	1078
577	1147
577	1249
577	1428
577	1723
577	1781
577	1928
577	2209
578	677
578	713
578	1011
578	1385
578	1609
578	2197
579	966
580	855
580	1944
581	1138
581	2280
582	1032
582	1494
582	2018
583	1492
583	1848
584	939
584	1606
584	1662
584	1778
584	2055
585	866
585	1118
585	1565
585	1579
585	1751
585	2142
585	2274
585	2276
585	2334
586	717
586	728
586	1350
586	1653
586	1721
586	2248
586	2284
587	653
587	1044
588	602
588	898
588	1259
588	1266
588	1566
588	1647
588	1918
588	2013
588	2089
588	2190
589	1346
589	2182
590	961
590	1015
590	1167
590	1284
590	2150
590	2180
590	2239
590	2277
591	1280
591	1307
591	1626
591	1765
591	1809
591	1828
591	2053
592	784
592	880
593	2140
594	610
594	813
594	2077
594	2133
595	745
595	1205
595	1263
595	1585
596	1217
596	1289
596	1315
596	1748
596	1796
596	1999
596	2172
596	2201
597	1694
598	1288
598	1602
598	1634
598	2249
599	1972
600	2249
601	768
601	1023
601	1186
601	1458
601	2374
602	898
602	1259
602	1266
602	1566
602	1647
602	1918
602	2013
602	2089
602	2190
603	638
603	745
603	1386
603	2315
604	1024
605	1438
606	2195
607	706
607	757
607	773
607	818
607	882
607	1001
607	1012
607	1111
607	1246
607	1294
607	1300
607	1336
607	1435
607	1499
607	1500
607	1501
607	1530
607	1539
607	2075
607	2310
607	2381
607	2384
608	779
608	780
608	857
608	928
608	1054
608	1096
608	1137
608	1138
608	1222
608	1322
608	1422
608	1520
608	1522
608	1589
608	1797
608	1828
608	1926
608	1994
608	2042
608	2257
608	2262
608	2387
610	813
611	1117
611	1797
611	1878
611	1879
612	2316
613	752
613	875
613	1102
613	1174
613	1242
613	1442
613	1449
613	1661
613	1681
613	1874
613	2000
613	2075
614	794
614	971
614	1026
614	1597
614	2001
616	938
616	1354
617	812
617	947
617	1108
617	1163
617	1382
617	1487
617	1489
617	1770
617	1977
617	2094
619	791
619	823
619	845
619	895
619	929
619	932
619	942
619	1075
619	1101
619	1282
619	1350
619	1494
619	1798
619	1900
619	2028
619	2055
619	2076
619	2267
619	2271
619	2383
620	688
620	705
620	944
620	960
620	966
620	1264
620	1374
620	1484
620	1730
620	1867
620	1964
620	2000
620	2034
620	2077
620	2162
620	2169
621	854
621	1237
621	1754
622	833
622	892
622	1059
622	1090
622	1249
622	1424
622	1425
622	1516
622	1616
622	1704
622	1711
622	1723
622	2195
622	2197
622	2258
622	2302
622	2314
623	962
623	1317
623	1342
623	1474
623	1538
623	1722
623	1779
623	1955
623	2178
623	2213
623	2347
624	955
624	1015
624	1352
624	1360
624	1638
625	1711
625	2195
626	1170
626	1956
627	954
627	1716
627	1845
627	2004
627	2175
627	2318
627	2338
627	2348
628	699
628	1031
628	1038
628	1075
628	1121
628	1192
628	1391
628	1583
628	1584
628	1878
628	1879
628	1916
628	2042
628	2223
628	2345
629	1377
629	2024
630	680
630	802
630	894
631	658
631	809
631	927
631	962
631	1035
631	1062
631	1086
631	1176
631	1192
631	1450
631	1713
631	1718
631	1794
631	1834
631	1865
631	1925
631	1926
631	2133
631	2280
631	2294
632	871
632	1060
632	1063
632	1322
632	2004
632	2197
632	2295
633	656
633	831
633	1219
633	1223
633	1431
633	1495
633	1524
633	1577
633	2121
633	2229
633	2235
633	2267
633	2384
634	1000
634	1136
634	1458
634	1933
634	1945
634	2021
634	2167
635	1511
636	789
636	878
636	1431
636	1648
636	1936
636	2138
636	2317
637	1388
637	2353
638	740
638	745
638	1386
638	2315
639	1478
639	2112
639	2205
640	2046
641	813
641	1674
642	707
642	1177
642	1467
642	1572
642	1701
642	1763
642	1801
642	1976
642	1986
642	2237
643	1075
643	1089
643	1121
643	1322
643	1421
643	1583
643	1916
644	694
644	712
644	875
644	878
644	960
644	1135
644	1255
644	1262
644	1447
644	1947
644	1985
644	1996
644	2113
644	2237
644	2366
644	2386
645	1547
645	1645
645	1693
645	1996
645	2048
646	1688
646	1873
646	2349
647	796
647	940
647	1951
648	1032
648	1634
648	1656
649	661
649	718
649	804
649	1422
649	1469
649	1537
649	1705
649	2085
650	658
650	2007
650	2163
651	860
651	898
651	905
651	1256
651	1645
651	1996
651	2048
652	949
652	1006
652	1237
653	714
653	1044
653	1956
654	921
654	1324
654	1805
655	1541
655	1808
655	2063
656	1872
656	2253
657	845
657	870
657	1356
657	1379
657	1761
657	1894
657	1900
657	1909
657	2031
657	2045
658	689
658	1925
658	1993
658	2163
660	662
660	745
660	1319
660	1320
660	1321
660	1339
660	1385
660	1494
660	1557
660	1622
660	1913
660	2073
660	2221
660	2223
661	814
661	931
661	1052
661	1296
661	1340
661	1344
661	1384
661	1392
661	1415
661	1457
661	1537
661	1734
661	1786
661	2074
661	2085
662	731
662	1319
662	1320
662	1321
662	1339
662	2004
663	719
663	731
663	1166
663	2113
664	687
664	691
664	692
665	1719
666	1791
666	1805
666	1833
667	726
667	1027
667	1212
667	1410
667	1623
667	1880
667	2165
668	899
668	1044
668	1068
668	1357
668	1389
668	1895
668	2090
669	972
669	1728
669	1977
669	2055
669	2147
670	686
670	1057
670	1225
670	2152
671	1121
671	1478
671	1498
671	2024
671	2168
671	2240
672	1718
672	2081
672	2108
672	2172
672	2316
673	1407
673	1612
673	1787
674	1931
674	1974
675	1403
676	785
676	930
676	1022
676	1350
676	1508
676	1716
676	2297
677	686
677	1011
677	1061
677	1110
677	1140
677	1207
677	1254
677	1384
677	1385
677	2110
677	2345
679	714
679	926
679	1230
679	1507
679	1736
679	1767
679	2218
680	993
680	1117
680	1368
680	1410
680	1486
680	1490
680	1868
680	1909
680	1949
680	2121
680	2182
680	2194
680	2257
681	784
681	994
681	1023
681	1062
681	1584
681	1842
681	2020
682	1467
682	1533
682	1716
682	2309
683	1346
683	2119
683	2222
684	716
684	2302
685	838
685	938
685	1668
686	880
686	1017
686	1057
686	1225
686	1287
686	1397
686	1743
686	1784
686	2152
686	2162
686	2181
686	2218
686	2229
687	691
687	692
688	705
688	944
688	966
688	1264
688	1484
688	1867
688	1964
688	2077
688	2162
688	2169
689	1993
690	836
690	1052
690	1786
690	1960
690	2000
691	692
693	694
693	858
693	880
693	1495
693	1601
693	1660
693	1727
693	1828
693	2004
693	2011
694	1135
694	1146
694	1255
694	1447
694	1660
694	1794
694	1876
695	735
695	843
695	873
695	941
695	1049
695	1151
695	1396
695	1531
695	1645
695	1692
695	1746
695	1758
695	1999
695	2048
695	2272
696	769
696	770
697	757
697	898
697	931
697	1026
697	1190
697	2166
697	2366
698	736
698	968
698	2152
698	2385
699	714
699	757
699	969
699	1038
699	1061
699	1187
699	1232
699	1237
699	1267
699	1489
699	1637
699	1889
699	2309
699	2383
700	1382
700	1560
700	2191
702	1155
702	1478
702	1642
702	2064
702	2172
702	2277
702	2280
703	2255
704	1539
705	743
705	869
705	944
705	966
705	1264
705	1484
705	1551
705	1867
705	1964
705	2077
705	2162
705	2169
706	773
706	818
706	882
706	1001
706	1012
706	1111
706	1294
706	1300
706	1336
706	1435
706	1499
706	1500
706	1501
706	1530
706	1539
706	1992
706	2075
706	2182
706	2310
706	2381
706	2384
707	724
707	797
707	895
707	1177
707	1581
707	1701
707	1763
707	1801
707	2076
708	904
708	930
708	1394
708	1400
708	1446
708	2153
709	950
709	1097
709	1544
709	2316
710	895
710	1345
710	1358
710	1505
711	1403
711	1667
712	1027
712	1135
712	1517
712	1893
712	2046
712	2088
713	898
713	1108
713	1392
713	1609
713	1704
713	1748
713	1775
713	1868
713	2133
713	2174
713	2197
713	2226
713	2241
713	2343
713	2365
713	2392
714	1074
714	1237
714	1310
714	1736
714	1956
715	1344
716	724
716	809
716	880
716	1063
716	1149
716	1169
716	1256
716	1411
716	1783
717	728
717	868
717	1350
717	1653
717	1721
717	2248
717	2284
718	804
718	1422
718	1469
718	1537
719	2113
720	773
720	856
720	1416
720	1439
720	1498
720	1832
720	1909
720	1952
720	2035
720	2199
720	2318
721	1160
721	2290
722	1080
722	2127
723	1194
724	1044
724	1177
724	1229
724	1360
724	1667
724	1701
724	1763
724	1801
724	1908
724	2171
724	2302
724	2328
725	795
725	1027
725	1182
725	1187
725	1652
725	2211
726	1208
726	1622
727	958
728	743
728	872
728	1085
728	1350
728	1422
728	1651
728	1653
728	1721
728	2248
728	2284
729	1209
729	2241
730	1088
730	1212
730	1415
730	2018
730	2232
730	2315
731	1166
731	1319
732	733
732	977
732	1414
732	1594
732	1684
732	2114
732	2154
732	2171
733	1246
733	1247
733	1248
734	889
734	1011
734	1191
734	1320
734	1339
734	1502
734	1550
734	1634
734	2063
734	2393
735	1049
735	1151
735	1365
735	1369
735	1531
735	1758
735	2272
736	756
736	880
736	1110
736	1186
736	1314
736	1416
736	1520
736	1568
736	1577
736	1815
736	1846
736	1868
736	1965
736	2027
736	2058
736	2215
737	2325
738	787
738	1147
738	1436
738	1771
738	2138
738	2173
739	1125
739	1144
739	1182
739	1322
739	1546
739	1595
739	1785
739	2038
739	2137
739	2264
739	2283
740	766
740	960
740	997
740	1096
740	1187
740	1295
740	1346
740	1480
740	2092
740	2351
740	2353
741	1358
741	1489
741	2198
741	2333
742	835
742	846
742	1066
742	1154
742	1253
742	2089
742	2259
742	2338
743	869
743	1011
743	1075
743	1422
743	1551
743	1651
743	2215
744	759
744	760
744	1298
744	1347
744	1737
744	1845
745	1205
745	1263
745	1386
745	1585
745	1965
745	2315
746	1458
747	748
747	1732
748	1732
749	2332
750	1011
750	1075
750	1916
750	2178
750	2318
751	1050
752	875
752	1098
752	1102
752	1174
752	1242
752	1442
752	1449
752	1661
752	1681
752	1719
752	1874
752	1922
752	2000
752	2075
753	941
753	1807
753	2225
753	2242
754	1694
755	2203
756	1186
756	1815
756	1848
756	2027
757	837
757	898
757	931
757	934
757	980
757	1026
757	1076
757	1190
757	1246
757	1268
757	1889
757	2029
757	2166
757	2366
758	815
759	760
759	1298
759	1332
759	1347
759	1564
759	1615
759	1737
759	1845
759	2052
760	1298
760	1332
760	1347
760	1563
760	1564
760	1594
760	1615
760	1737
760	1845
760	2052
761	1270
761	2208
762	2266
763	805
765	890
765	972
765	1981
765	2098
765	2149
765	2211
766	1295
766	1480
766	2092
767	2111
767	2205
767	2218
768	1230
768	1315
768	1458
768	2051
768	2292
769	770
769	1749
770	868
770	1749
771	1459
771	1746
772	1520
772	1967
773	818
773	882
773	1001
773	1012
773	1111
773	1294
773	1300
773	1336
773	1435
773	1499
773	1500
773	1501
773	1530
773	1539
773	1651
773	2075
773	2079
773	2310
773	2381
773	2384
774	958
774	1151
774	1335
774	1372
774	1572
774	1627
774	1638
774	2080
774	2143
775	1150
775	1330
775	2026
775	2087
777	1023
777	1065
777	1748
777	2322
777	2339
778	939
778	1022
778	1033
778	1387
778	1551
778	1622
778	1882
778	1890
778	2055
778	2148
779	780
779	928
779	1522
779	2042
779	2262
780	847
780	900
780	928
780	1339
780	1522
780	1583
780	1678
780	1965
780	1970
780	2022
780	2042
780	2262
781	786
781	1615
781	1738
781	1857
782	1188
782	1250
782	1696
782	1711
783	1392
783	2344
784	880
784	953
784	994
784	1115
784	1149
784	1201
784	1217
784	1344
784	1769
784	1777
784	1866
784	1874
784	2020
784	2022
784	2023
784	2144
784	2356
786	1615
786	1738
787	1147
787	1436
787	1771
787	2138
787	2173
788	1007
788	1023
788	1049
788	1274
788	1416
788	2309
789	2317
790	1999
791	942
791	1080
791	1145
791	1494
791	2225
792	853
792	1172
792	2144
792	2370
793	1663
794	971
794	989
794	1026
794	1157
794	1162
794	1493
794	1597
794	2001
794	2047
795	821
795	1182
795	1187
795	1652
795	1661
795	1877
795	1908
795	1979
795	2383
796	940
796	1951
797	919
797	943
797	1024
797	1059
797	1100
797	1177
797	1231
797	1292
797	1323
797	1414
797	1415
797	1444
797	1583
797	1700
797	1701
797	1720
797	1763
797	1801
797	2049
797	2051
797	2285
798	1354
798	2136
798	2276
800	1108
800	1339
800	2184
800	2302
801	983
801	2342
802	894
802	977
802	1161
802	1216
802	1412
802	2218
802	2263
802	2279
803	1524
804	935
804	1084
804	1278
804	1422
804	1469
804	1537
804	1723
804	2134
805	1805
806	1670
806	1672
806	2109
806	2395
807	969
807	1001
807	1110
807	1392
807	1645
807	2048
807	2172
807	2294
808	895
808	1916
809	1063
809	1176
809	1450
809	1461
809	1545
809	1834
809	1865
809	2020
809	2294
809	2296
809	2302
810	1612
811	861
811	1047
812	1770
813	876
813	1674
813	1920
813	1929
813	2149
814	931
814	1025
814	1052
814	1090
814	1232
814	1245
814	1296
814	1344
814	1461
814	1506
814	1622
814	1786
814	2106
816	1978
817	856
818	882
818	1001
818	1012
818	1111
818	1294
818	1300
818	1336
818	1435
818	1499
818	1500
818	1501
818	1530
818	1539
818	2075
818	2310
818	2381
818	2384
819	1454
819	1455
819	2152
820	1539
821	999
821	1026
821	1110
821	1187
821	1385
821	1431
821	1715
821	1797
821	2088
821	2147
821	2304
821	2383
822	1291
823	845
823	929
823	1900
823	2028
824	1334
825	2001
826	1780
826	2366
826	2386
827	828
827	839
827	844
827	864
827	1075
827	1076
827	1308
827	1448
827	1458
827	1490
827	1852
827	1987
827	2352
828	839
828	844
828	864
828	1076
828	1308
828	1448
828	1490
828	1852
828	1987
828	2279
829	1536
829	1694
830	1012
830	1052
830	1218
831	941
831	1094
831	1108
831	1158
831	1245
831	1396
831	1400
831	1562
831	1577
831	1706
831	1708
831	1816
831	2121
831	2358
832	842
832	1196
832	1363
832	1432
832	1472
832	1503
832	1588
832	2014
832	2027
832	2179
832	2232
833	892
833	1516
833	1616
834	1408
834	1616
834	2141
834	2329
835	846
835	1066
835	1154
835	1253
835	2259
836	1052
836	1669
836	1677
836	1786
836	1960
836	2000
837	897
837	1076
837	1418
837	1665
837	1927
837	2061
838	859
838	938
838	1373
838	1470
838	1621
838	1668
838	1958
838	1979
838	2012
838	2017
838	2201
839	1076
839	1448
839	1490
839	1972
840	1707
841	1440
841	2224
843	1038
843	1202
843	1254
843	1255
843	1295
843	1305
843	1423
843	1692
843	1746
843	1776
843	1934
843	2357
845	870
845	929
845	1356
845	1371
845	1873
845	1894
845	1900
845	1909
845	2010
845	2028
846	1066
846	1154
846	1253
846	2259
846	2315
847	2022
848	2140
850	1246
850	1504
850	2291
851	1078
851	1282
851	1322
851	1594
851	1691
851	1942
852	2236
853	1172
853	2144
853	2370
854	1237
854	1514
854	1754
854	2123
855	1944
856	1378
856	1411
856	1457
856	1786
856	2224
857	1270
857	1403
857	2018
857	2257
857	2385
857	2387
859	883
859	1230
859	1976
859	1992
859	2012
860	898
860	905
860	974
860	987
860	1044
860	1256
860	1645
860	1903
860	1996
860	2048
860	2063
861	1047
862	1139
862	2098
862	2293
863	1081
864	1308
864	1690
864	1784
864	1852
864	2120
864	2288
864	2316
865	893
865	1560
865	2055
865	2220
866	1327
866	1399
866	1517
866	1565
866	2135
866	2334
867	2016
867	2073
867	2373
868	1761
868	2015
868	2345
869	963
869	1011
869	1015
869	1221
869	1381
869	1498
869	1551
869	1917
869	1944
869	2040
870	1894
871	1060
871	1430
871	1583
871	1754
871	2295
872	1039
872	1055
872	1085
872	1207
872	2154
873	1999
874	2165
875	878
875	960
875	1102
875	1174
875	1242
875	1262
875	1442
875	1449
875	1661
875	1681
875	1874
875	1947
875	1985
875	1996
875	2000
875	2075
875	2113
875	2237
875	2366
875	2386
876	1857
876	1897
876	2149
877	1207
877	1464
877	1707
877	1831
877	2009
877	2295
878	960
878	1262
878	1648
878	1936
878	1947
878	1985
878	1996
878	2113
878	2237
878	2366
878	2386
879	922
879	1274
879	1277
879	1851
880	993
880	1397
880	1420
880	1495
880	1743
880	1828
880	2002
880	2004
880	2009
880	2221
881	1553
881	1630
881	1956
881	2141
882	1001
882	1012
882	1111
882	1294
882	1300
882	1336
882	1435
882	1499
882	1500
882	1501
882	1530
882	1539
882	2075
882	2310
882	2381
882	2384
883	901
883	1230
883	1976
884	969
884	1229
884	2081
885	1197
885	1406
886	894
886	1158
886	1164
886	1232
886	1420
886	1438
886	1607
886	1814
886	1892
886	2216
887	901
887	1175
887	1615
887	1932
887	1999
887	2057
888	1003
889	1992
890	972
890	2098
890	2149
891	980
891	983
891	1601
891	1741
891	1766
891	1907
891	2022
892	1424
892	1516
892	1616
893	1027
893	1414
893	1560
893	1661
893	1726
893	1829
893	1877
893	2055
893	2220
894	1061
894	1064
894	1122
894	1438
894	1757
894	2098
894	2104
895	1177
895	1229
895	1313
895	1358
895	1494
895	1580
895	1701
895	1727
895	1763
895	1801
895	1805
895	1816
895	1825
895	1848
895	2380
896	1499
896	1500
897	1076
897	1203
897	1349
897	1418
897	1665
897	1927
897	2061
897	2072
897	2143
897	2208
898	905
898	931
898	1026
898	1027
898	1190
898	1256
898	1259
898	1266
898	1533
898	1566
898	1645
898	1647
898	1883
898	1918
898	1996
898	2013
898	2048
898	2089
898	2166
898	2190
898	2366
900	1339
900	1658
900	1678
900	1786
900	1970
901	1175
901	1193
901	1932
902	1559
902	1705
902	1857
902	2313
903	914
903	1006
903	1187
903	1983
903	2058
904	930
904	1446
904	2153
905	1256
905	1645
905	1996
905	2048
906	1849
907	1104
907	2140
907	2323
908	912
908	1896
909	1404
909	1869
909	2147
909	2396
910	1152
910	1203
911	1002
911	1318
911	1461
911	1666
911	1689
911	1857
911	2328
912	1896
912	2130
913	966
913	1309
913	1430
913	1491
913	1611
914	1006
914	1270
914	1553
914	1735
914	1983
914	2356
915	1652
916	1038
916	1062
916	1063
916	1736
916	2050
916	2059
916	2087
916	2299
917	1191
918	1540
918	1914
919	950
919	981
919	1179
919	1415
919	1670
919	2221
919	2345
920	1081
920	2206
920	2371
920	2387
921	950
921	1245
921	1324
921	1805
921	1924
921	2008
921	2046
921	2254
922	984
922	1274
922	1277
922	1533
922	1767
922	1851
922	2032
922	2292
922	2304
923	1588
924	1075
924	1116
924	1140
924	1210
924	1533
924	1652
924	2030
925	1320
926	1075
926	1192
926	1230
926	1447
926	1507
926	1583
926	1767
926	1916
926	2162
926	2179
926	2218
926	2362
927	1163
927	1438
927	1583
927	1702
927	1926
927	2267
927	2294
928	1522
928	2042
928	2262
928	2342
929	1057
929	1063
929	1416
929	1431
929	1461
929	1900
929	1979
929	1999
929	2016
929	2028
929	2122
929	2208
930	1446
930	1850
930	2153
931	1026
931	1052
931	1190
931	1254
931	1296
931	1344
931	1438
931	1786
931	2166
931	2208
931	2366
932	1091
932	1350
932	1434
932	1622
932	1897
932	2193
933	1211
933	1322
933	1679
933	1936
933	2183
933	2245
933	2379
935	2134
935	2295
936	1482
936	1594
936	1617
936	2201
936	2227
937	1025
937	1611
937	1783
938	1668
938	2190
939	1022
939	1208
939	1387
939	1662
939	1791
939	1882
939	1890
939	2055
939	2070
939	2252
940	1951
941	1061
941	1211
941	1245
941	1351
941	1400
941	1523
941	1807
941	1927
941	2074
942	1327
942	1431
942	1438
942	1494
942	1706
942	1708
942	1755
942	2305
944	966
944	1264
944	1484
944	1867
944	1964
944	2077
944	2162
944	2169
945	2058
945	2146
946	1197
947	1108
947	1163
947	1487
947	2094
950	1097
950	1149
950	1488
950	1544
950	2179
950	2316
951	1227
951	1228
951	1738
952	1010
953	1004
953	1201
953	1217
953	1236
953	1318
953	2156
954	1845
955	1015
955	1352
955	1360
955	1594
955	2037
956	1847
958	1518
958	1572
958	1617
958	1638
958	1944
958	2143
960	1262
960	1346
960	1730
960	1947
960	1985
960	1996
960	2113
960	2237
960	2366
960	2386
961	1284
961	2239
962	1062
962	1086
962	1317
962	1342
962	1474
962	1538
962	1722
962	1779
962	1955
962	2178
962	2213
962	2280
962	2347
964	2215
965	974
965	1490
966	990
966	1264
966	1484
966	1486
966	1536
966	1867
966	1964
966	2077
966	2162
966	2169
966	2336
967	2165
967	2286
968	2152
968	2385
969	1229
969	1267
969	1489
969	1706
969	1708
969	2081
969	2294
970	2388
971	1026
971	1597
971	2001
972	1107
972	1197
972	1350
972	1519
972	1784
972	1908
972	1981
972	1988
972	2095
972	2098
972	2149
972	2158
972	2201
972	2320
974	987
974	1109
974	1149
974	1169
974	1257
974	1490
974	1502
974	1903
975	1100
976	1652
976	1685
977	1161
977	1216
977	2279
978	1499
978	1500
978	1718
979	1667
979	1993
979	2209
980	1026
980	1190
980	1268
980	1351
980	1582
980	1686
980	1922
980	1974
980	2166
980	2211
980	2366
980	2392
981	1376
981	1670
982	1133
982	1792
982	2000
983	1688
983	1741
983	1969
983	2281
984	2032
984	2292
985	1237
986	1885
987	1903
988	1416
988	2294
989	1157
989	1162
989	1493
989	2047
990	1180
990	1438
990	1536
990	2336
990	2345
992	1219
992	1299
993	1373
993	1550
993	1554
993	2009
993	2182
993	2395
994	2020
995	1417
995	1815
995	2265
995	2356
996	2088
998	1069
998	1298
998	1459
998	1460
998	2329
999	1431
999	1445
999	1812
999	2032
999	2170
999	2261
1000	1933
1000	1945
1000	2021
1001	1012
1001	1111
1001	1294
1001	1300
1001	1336
1001	1435
1001	1499
1001	1500
1001	1501
1001	1530
1001	1539
1001	1900
1001	1992
1001	2075
1001	2182
1001	2188
1001	2310
1001	2381
1001	2384
1002	1190
1002	1318
1002	1998
1004	1201
1004	1217
1004	1236
1004	1318
1005	1276
1005	1660
1005	1715
1006	1525
1006	1669
1006	1983
1006	2071
1006	2232
1007	1274
1007	1352
1007	2309
1008	1161
1008	1719
1008	2209
1008	2323
1009	1056
1009	1471
1009	1483
1009	1513
1009	2164
1010	1015
1010	1046
1010	1270
1010	1477
1010	2033
1010	2152
1010	2329
1010	2388
1011	1026
1011	1054
1011	1061
1011	1126
1011	1385
1011	1550
1011	1634
1011	1748
1011	1764
1011	1893
1011	2104
1011	2178
1011	2187
1011	2215
1011	2221
1011	2318
1011	2346
1012	1052
1012	1111
1012	1201
1012	1218
1012	1294
1012	1300
1012	1336
1012	1435
1012	1499
1012	1500
1012	1501
1012	1530
1012	1539
1012	1839
1012	2075
1012	2310
1012	2381
1012	2384
1013	1594
1013	2176
1014	1395
1014	1588
1015	1099
1015	1167
1015	1168
1015	1221
1015	1352
1015	1360
1015	1694
1015	1708
1015	1766
1015	1880
1015	1948
1015	2150
1015	2152
1015	2180
1016	1036
1016	1070
1016	1331
1016	1334
1016	1860
1016	1992
1017	2006
1017	2097
1017	2181
1018	1075
1018	1729
1018	1816
1019	1178
1019	1249
1019	2169
1020	1611
1021	1102
1021	2171
1021	2376
1022	1350
1022	1387
1022	1716
1022	1791
1022	1882
1022	1890
1022	2055
1023	1049
1023	1062
1023	1065
1023	1185
1023	1368
1023	1590
1023	1645
1023	2048
1023	2322
1023	2339
1024	1444
1024	1720
1025	1090
1025	1232
1025	1461
1025	1783
1026	1126
1026	1190
1026	1268
1026	1597
1026	1806
1026	2001
1026	2166
1026	2268
1026	2366
1027	1029
1027	1081
1027	1212
1027	1256
1027	1310
1027	1380
1027	1410
1027	1560
1027	1652
1027	1897
1027	2046
1027	2211
1028	1920
1029	1380
1029	1765
1030	1520
1030	1797
1030	1828
1030	2106
1030	2223
1030	2311
1031	1583
1032	1141
1032	1383
1032	1494
1032	1634
1032	1656
1032	1833
1032	1931
1032	2018
1032	2333
1034	1035
1034	1101
1034	1402
1034	1584
1034	2218
1035	1101
1035	1402
1035	1584
1035	2218
1036	1070
1036	1300
1036	1331
1036	1334
1036	1860
1036	1992
1036	2197
1037	1397
1037	1659
1037	2190
1037	2271
1038	1202
1038	1213
1038	1254
1038	1295
1038	1423
1038	1776
1038	1880
1038	1908
1038	2032
1038	2050
1038	2087
1038	2297
1038	2299
1038	2300
1038	2357
1039	1055
1039	2154
1041	1911
1042	2224
1043	1183
1043	1718
1044	2262
1045	1250
1045	1438
1046	1325
1046	1477
1046	1535
1046	1731
1046	1794
1046	1848
1047	1216
1048	1201
1048	1220
1049	1151
1049	1531
1049	1758
1049	2272
1051	1416
1051	1588
1051	2024
1052	1084
1052	1218
1052	1296
1052	1344
1052	1786
1052	1960
1052	2000
1053	2148
1054	1061
1054	1179
1054	1520
1054	1577
1054	1765
1054	1893
1054	1933
1054	2104
1054	2254
1054	2346
1055	2154
1056	1483
1056	1513
1056	2164
1057	1225
1057	1237
1057	1650
1057	1707
1057	1709
1057	1898
1057	1940
1057	2152
1058	1290
1059	1425
1059	1437
1059	1736
1059	1786
1059	2083
1059	2141
1059	2285
1060	1075
1060	1413
1060	2004
1060	2295
1061	1254
1061	1531
1061	1784
1061	1893
1061	2104
1061	2309
1061	2346
1062	1075
1062	1079
1062	1086
1062	1160
1062	1415
1062	1447
1062	1497
1062	2050
1062	2280
1062	2358
1063	1417
1063	1810
1063	1938
1063	2016
1063	2059
1063	2197
1064	1520
1064	2050
1065	2322
1065	2339
1066	1154
1066	1253
1066	2259
1067	1230
1067	1619
1067	1888
1069	1298
1069	1459
1070	1331
1070	1334
1070	1860
1070	1992
1071	1089
1071	1098
1073	1350
1075	1089
1075	1192
1075	1348
1075	1380
1075	1382
1075	1413
1075	1415
1075	1458
1075	1489
1075	1491
1075	1617
1075	1652
1075	1816
1075	1916
1076	1418
1076	1448
1076	1490
1076	1665
1076	1927
1076	2061
1077	1088
1078	1322
1078	1691
1079	1497
1080	1145
1080	2127
1080	2225
1081	1169
1081	1210
1081	2018
1081	2206
1081	2215
1081	2301
1081	2371
1081	2387
1083	2210
1083	2315
1084	1192
1084	1786
1084	1794
1084	2004
1084	2215
1086	1829
1086	1857
1086	2280
1087	1845
1088	1691
1088	1877
1088	2018
1088	2159
1089	1916
1089	2364
1089	2397
1090	1094
1090	1232
1090	1393
1090	1461
1090	1551
1090	1687
1090	1705
1090	1711
1090	2195
1090	2303
1091	1434
1091	1622
1091	2193
1092	1239
1092	1594
1092	2093
1092	2238
1093	1169
1093	1673
1093	2223
1094	1108
1094	1158
1094	1396
1094	1706
1094	1708
1094	2349
1095	1322
1095	1485
1096	1138
1096	1222
1096	1421
1096	1797
1097	1544
1097	2316
1098	1314
1098	1324
1098	1661
1098	1881
1099	1708
1100	1231
1100	1323
1100	1765
1101	1402
1101	1584
1101	1659
1101	2218
1101	2383
1102	1138
1102	1174
1102	1191
1102	1242
1102	1343
1102	1410
1102	1442
1102	1449
1102	1622
1102	1661
1102	1681
1102	1705
1102	1718
1102	1874
1102	2000
1102	2016
1102	2075
1102	2107
1102	2312
1102	2376
1103	1819
1104	1498
1104	1590
1104	1704
1104	1985
1105	1267
1105	1294
1105	1327
1105	1489
1105	1889
1105	2008
1105	2197
1105	2294
1105	2316
1107	1197
1107	1519
1107	1908
1107	2095
1107	2320
1108	1158
1108	1163
1108	1339
1108	1396
1108	1487
1108	1706
1108	1708
1108	2094
1108	2174
1108	2184
1108	2302
1110	1385
1110	1416
1110	1431
1110	1783
1110	1797
1110	2215
1111	1294
1111	1300
1111	1336
1111	1371
1111	1435
1111	1499
1111	1500
1111	1501
1111	1530
1111	1539
1111	2075
1111	2310
1111	2328
1111	2381
1111	2384
1112	1447
1112	1673
1112	1800
1112	2046
1113	1661
1114	1531
1114	1586
1114	1811
1114	2199
1115	1149
1115	1154
1115	1429
1115	1465
1115	2022
1115	2109
1115	2172
1115	2255
1116	1140
1117	1878
1117	1949
1117	2194
1118	1579
1118	1751
1118	2142
1118	2274
1118	2276
1120	1548
1120	1571
1121	1415
1121	1421
1121	1583
1121	1878
1121	2024
1121	2179
1121	2295
1122	1757
1122	2098
1124	1612
1125	2283
1127	1830
1127	2113
1127	2192
1128	2041
1129	1153
1129	2009
1129	2235
1129	2349
1130	1555
1131	1149
1132	1712
1132	2269
1133	1792
1134	2329
1135	1255
1135	1447
1136	1458
1138	1222
1138	1249
1138	1718
1138	1794
1138	1797
1138	2016
1138	2280
1139	1197
1139	1540
1139	1617
1139	1663
1139	1785
1139	1848
1139	2098
1139	2293
1139	2333
1139	2342
1140	1207
1140	2110
1141	1383
1141	2333
1142	1278
1142	2373
1144	2038
1144	2137
1144	2283
1145	2225
1146	1205
1146	1594
1146	1698
1146	1794
1146	1876
1146	2008
1146	2314
1147	1436
1147	1771
1147	1781
1147	2138
1147	2173
1148	1390
1148	2005
1148	2102
1148	2304
1149	1161
1149	1297
1149	1417
1149	2022
1150	1330
1150	2026
1150	2087
1151	1365
1151	1369
1151	1473
1151	1531
1151	1758
1151	2080
1151	2241
1151	2272
1152	1203
1153	1584
1153	1672
1153	1766
1153	1958
1153	2112
1153	2235
1153	2366
1153	2382
1154	1253
1154	2172
1154	2259
1155	1809
1155	2076
1155	2172
1155	2280
1156	2314
1157	1162
1157	1493
1157	2047
1158	1164
1158	1396
1158	1706
1158	1708
1159	1265
1159	1331
1159	1576
1159	1873
1159	1958
1159	1996
1159	2384
1160	2051
1160	2052
1160	2223
1160	2290
1160	2358
1161	1216
1161	1297
1161	1476
1161	1667
1161	1719
1161	1971
1161	2209
1161	2279
1161	2323
1162	1493
1162	2047
1163	1487
1163	1702
1163	2094
1164	1439
1164	1736
1164	1776
1164	1781
1164	1900
1164	2251
1164	2275
1164	2345
1165	1283
1165	1459
1165	1483
1167	2150
1167	2180
1168	1948
1169	1257
1169	1502
1169	1783
1169	1805
1169	2063
1169	2223
1169	2283
1169	2301
1170	1285
1170	1683
1170	1786
1170	1956
1171	1970
1172	1447
1172	2144
1172	2370
1173	2249
1174	1242
1174	1442
1174	1449
1174	1558
1174	1661
1174	1681
1174	1874
1174	2000
1174	2075
1174	2141
1175	1932
1176	1450
1176	1834
1176	1865
1176	2140
1176	2294
1177	1581
1177	1701
1177	1763
1177	1801
1177	2076
1178	1249
1179	1577
1179	1652
1179	2067
1179	2221
1179	2353
1180	2345
1181	1298
1181	1716
1182	1187
1183	1692
1184	1499
1184	1500
1184	1910
1184	1950
1185	1645
1185	2048
1186	1349
1186	1815
1186	1940
1186	2027
1186	2368
1187	1235
1187	1551
1187	1556
1187	1637
1187	1652
1187	1661
1187	1685
1187	1809
1187	1877
1187	1908
1187	2353
1187	2383
1188	1250
1188	1696
1188	1711
1188	1828
1188	2091
1189	2301
1189	2337
1190	1268
1190	1351
1190	1582
1190	1686
1190	1697
1190	1922
1190	1936
1190	1974
1190	2166
1190	2366
1190	2392
1191	1502
1191	1551
1191	1566
1191	1718
1191	1855
1191	2016
1191	2020
1191	2063
1192	1718
1192	1794
1192	1916
1192	2387
1194	1427
1194	2091
1194	2322
1195	1584
1195	2271
1197	1406
1197	1519
1197	1540
1197	1908
1197	2095
1197	2320
1197	2329
1197	2333
1198	1246
1198	2056
1199	1750
1200	1718
1201	1217
1201	1220
1201	1236
1201	1318
1201	1664
1201	1909
1201	1982
1202	1255
1202	1295
1202	1305
1202	1880
1202	1934
1202	2050
1202	2297
1202	2357
1202	2392
1203	2143
1204	2147
1205	1211
1205	1263
1205	1585
1205	1698
1205	2314
1206	1956
1207	1464
1207	2110
1208	1439
1208	1447
1208	1549
1208	1794
1208	2081
1208	2302
1208	2345
1208	2379
1209	1379
1209	1383
1209	1397
1209	1621
1209	2241
1209	2364
1210	1901
1210	2030
1211	1263
1211	1927
1211	1936
1211	2379
1212	1400
1212	1410
1212	1415
1212	1611
1213	1370
1213	1588
1213	1742
1214	1634
1215	2364
1216	2020
1216	2279
1217	1236
1217	1318
1217	1344
1217	1769
1219	1299
1219	1547
1219	1561
1219	1645
1219	2048
1219	2229
1220	1301
1220	1944
1222	1797
1222	1881
1222	2013
1222	2016
1222	2106
1223	2267
1224	1415
1224	2367
1225	2152
1226	1228
1226	1246
1227	1228
1227	1738
1228	1246
1228	1738
1229	1617
1229	1805
1229	2081
1229	2376
1230	1507
1230	1619
1230	1767
1230	1888
1230	1948
1230	1976
1230	2218
1231	1323
1232	1245
1232	1461
1232	1814
1232	2235
1233	1397
1233	1878
1234	1246
1235	1533
1235	1556
1235	1652
1235	1685
1235	2112
1235	2345
1235	2383
1236	1318
1237	1354
1237	1555
1237	1575
1237	1635
1237	1736
1237	1754
1237	1760
1237	1940
1237	2201
1238	1252
1238	1907
1238	2209
1239	1265
1239	1594
1239	2093
1239	2157
1239	2232
1239	2238
1240	1271
1240	1570
1240	2150
1240	2250
1242	1442
1242	1449
1242	1661
1242	1681
1242	1874
1242	2000
1242	2075
1243	2236
1244	1463
1244	1568
1245	1343
1245	1400
1245	1403
1245	1452
1245	1469
1245	1490
1245	1634
1245	1924
1245	1945
1245	2254
1245	2273
1245	2301
1245	2313
1245	2364
1246	1247
1246	1248
1246	1504
1246	2056
1246	2313
1247	1248
1249	1428
1249	1496
1249	1723
1249	1886
1249	2169
1249	2297
1250	1438
1250	1696
1250	1711
1251	1848
1251	2132
1251	2391
1253	2259
1254	1295
1254	1423
1254	1438
1254	1776
1254	2357
1255	1305
1255	1447
1255	1632
1255	1862
1255	1863
1255	1907
1255	1934
1255	2357
1256	1645
1256	1996
1256	2048
1257	1502
1258	1403
1259	1266
1259	1566
1259	1647
1259	1918
1259	2013
1259	2089
1259	2190
1260	2236
1260	2326
1261	1441
1261	1688
1261	1861
1261	1972
1262	1947
1262	1985
1262	1996
1262	2113
1262	2237
1262	2366
1262	2386
1263	1316
1263	1585
1263	1588
1263	1907
1264	1484
1264	1867
1264	1964
1264	2077
1264	2162
1264	2169
1265	1331
1265	1411
1265	1996
1265	2101
1265	2157
1265	2384
1266	1566
1266	1647
1266	1918
1266	2013
1266	2089
1266	2190
1267	1400
1267	1489
1267	1553
1267	1622
1267	1643
1267	1816
1267	1946
1267	2197
1267	2304
1267	2316
1268	1351
1268	1582
1268	1686
1268	1922
1268	1974
1268	2166
1268	2366
1268	2392
1269	1979
1270	1403
1270	1421
1270	1615
1270	1956
1270	2018
1270	2024
1270	2033
1270	2086
1270	2189
1270	2208
1270	2385
1271	1570
1271	2150
1271	2250
1273	1343
1273	2358
1274	1277
1274	1347
1274	1743
1274	1851
1274	2309
1275	1399
1275	1677
1275	1784
1275	2181
1275	2271
1276	1660
1276	1715
1277	1851
1278	1593
1278	1640
1278	1717
1278	1723
1278	2146
1278	2269
1278	2318
1278	2357
1278	2372
1278	2373
1279	1915
1279	2272
1280	1626
1281	1573
1281	1584
1281	1643
1281	1790
1281	1905
1281	1935
1281	2118
1281	2361
1282	1594
1282	1798
1282	1900
1282	1942
1283	1459
1283	1592
1283	1829
1283	2111
1284	1426
1284	2239
1285	1683
1285	1956
1286	1535
1287	1417
1287	2132
1288	1634
1288	1796
1288	1962
1288	2055
1290	1788
1290	2331
1293	2100
1294	1300
1294	1327
1294	1336
1294	1435
1294	1499
1294	1500
1294	1501
1294	1530
1294	1539
1294	2008
1294	2075
1294	2310
1294	2381
1294	2384
1295	1423
1295	1480
1295	1776
1295	1880
1295	2050
1295	2092
1295	2297
1295	2357
1295	2392
1296	1344
1296	1786
1298	1347
1298	1459
1298	1716
1298	1737
1298	1845
1299	1547
1299	1561
1299	1645
1299	2048
1300	1336
1300	1435
1300	1499
1300	1500
1300	1501
1300	1530
1300	1539
1300	2075
1300	2095
1300	2310
1300	2381
1300	2384
1301	1944
1302	1448
1302	1840
1302	1975
1302	2300
1304	2353
1304	2374
1305	1333
1305	1416
1305	1489
1305	1934
1305	2357
1306	1339
1306	1963
1307	1765
1307	1828
1308	1852
1308	1987
1309	1430
1309	1798
1309	2014
1309	2096
1310	1338
1310	1341
1310	1646
1310	1736
1310	1897
1312	1343
1312	1714
1312	1830
1312	2253
1313	2380
1314	1394
1314	1575
1314	1781
1314	1786
1314	1868
1314	2033
1314	2058
1314	2211
1314	2387
1317	1342
1317	1474
1317	1538
1317	1722
1317	1779
1317	1955
1317	2178
1317	2213
1317	2347
1319	1320
1319	1321
1319	1339
1319	2228
1320	1321
1320	1339
1320	2004
1320	2393
1321	1339
1321	1375
1322	1366
1322	1485
1322	1595
1322	1679
1322	1691
1322	1830
1322	1994
1322	2105
1322	2183
1322	2245
1323	1334
1324	1661
1324	1805
1325	1731
1325	1848
1327	1399
1327	1517
1327	2008
1327	2135
1328	1421
1328	1617
1328	1748
1328	2223
1329	1764
1329	1904
1330	1361
1330	1665
1330	1726
1330	1940
1330	1990
1330	2026
1330	2087
1330	2148
1330	2368
1331	1334
1331	1860
1331	1992
1331	1996
1331	2384
1333	1748
1333	1956
1334	1860
1334	1992
1336	1435
1336	1499
1336	1500
1336	1501
1336	1530
1336	1539
1336	2075
1336	2310
1336	2381
1336	2384
1337	1884
1337	2078
1337	2304
1338	1341
1338	1614
1338	1646
1339	1678
1339	1963
1339	1970
1339	2151
1339	2184
1339	2302
1339	2359
1339	2393
1340	2152
1340	2172
1340	2272
1341	1646
1342	1474
1342	1538
1342	1722
1342	1779
1342	1955
1342	2178
1342	2213
1342	2347
1343	1394
1343	1491
1343	2016
1343	2149
1343	2235
1344	1769
1344	1786
1345	1505
1346	1624
1346	1939
1346	1976
1346	2119
1346	2182
1346	2221
1346	2222
1347	1737
1347	1845
1348	1380
1348	1382
1348	1916
1348	2208
1349	1940
1349	2208
1349	2368
1350	1601
1350	1622
1350	1653
1350	1663
1350	1716
1350	1717
1350	1721
1350	1727
1350	2248
1350	2284
1351	1523
1351	1582
1351	1686
1351	1922
1351	1974
1351	2074
1351	2166
1351	2366
1351	2392
1352	1360
1353	1592
1353	1943
1353	2116
1354	1401
1354	1575
1354	1635
1354	1754
1354	2127
1354	2136
1354	2276
1355	2073
1356	1523
1356	1716
1356	1751
1356	1894
1356	1900
1356	1909
1357	1895
1358	2198
1359	1596
1359	1966
1360	1520
1360	1664
1360	2202
1360	2203
1360	2330
1361	1990
1362	1920
1362	2141
1364	1667
1365	1369
1365	2172
1367	1694
1367	1888
1367	2374
1368	1410
1368	1489
1368	1776
1368	1868
1368	2147
1368	2194
1368	2267
1370	1588
1370	1742
1371	1873
1371	2010
1372	1627
1373	1470
1374	2000
1374	2034
1377	2024
1379	1621
1379	1761
1379	2031
1380	1382
1380	1878
1380	1916
1382	1560
1382	1916
1382	1977
1382	2191
1383	1469
1383	1588
1383	1687
1383	1695
1383	2185
1383	2333
1383	2364
1384	1392
1384	1457
1384	1734
1384	2074
1384	2345
1385	1431
1385	1503
1385	1635
1385	1694
1385	1797
1385	1891
1385	1999
1385	2221
1385	2223
1385	2267
1386	2315
1387	1882
1387	1890
1387	2055
1387	2252
1388	2353
1389	1660
1389	2074
1389	2302
1391	2042
1392	1393
1392	1419
1392	1457
1392	1579
1392	1734
1392	1868
1392	2074
1392	2294
1392	2343
1392	2344
1394	1491
1394	1575
1394	1786
1394	1988
1394	2019
1394	2033
1394	2197
1395	1569
1395	1588
1395	1854
1395	2389
1396	1424
1396	1645
1396	1669
1396	1706
1396	1708
1396	2048
1396	2217
1397	1743
1397	1878
1397	2084
1397	2190
1398	1744
1398	1766
1398	1831
1398	1854
1398	1967
1398	2243
1398	2259
1398	2279
1398	2343
1399	1517
1399	1809
1399	2135
1399	2181
1400	1489
1400	1611
1400	1794
1400	2197
1401	1754
1402	1584
1402	2218
1403	1415
1403	1718
1403	2018
1403	2105
1403	2385
1404	1869
1404	2147
1404	2396
1407	1612
1407	1787
1408	1616
1408	2329
1409	1721
1409	2282
1409	2378
1410	1421
1410	1447
1410	1552
1410	1566
1410	1622
1410	1718
1410	2194
1410	2312
1411	1457
1412	1843
1412	2218
1412	2263
1413	2074
1414	1560
1414	1684
1414	2114
1414	2202
1415	1499
1415	1500
1415	1576
1415	2179
1415	2295
1415	2296
1415	2316
1416	1726
1416	1979
1416	2024
1416	2223
1416	2294
1417	1815
1417	2038
1417	2132
1417	2137
1417	2265
1417	2356
1418	1665
1418	1927
1418	2061
1419	1526
1419	1579
1419	1826
1419	2354
1421	1447
1421	1552
1421	1566
1421	1583
1421	1718
1421	1748
1421	1844
1421	1956
1421	2051
1421	2149
1422	1469
1422	1537
1422	1589
1422	1651
1423	1776
1423	2357
1424	1606
1424	1669
1424	1736
1424	1775
1424	2058
1424	2136
1424	2217
1424	2276
1424	2366
1424	2375
1425	1437
1425	1786
1425	2302
1429	1465
1429	2255
1430	1583
1431	1445
1431	1566
1431	1706
1431	1708
1431	1797
1431	1812
1431	2032
1431	2077
1431	2138
1431	2170
1431	2236
1431	2261
1433	1637
1433	2050
1434	1622
1434	2193
1435	1499
1435	1500
1435	1501
1435	1530
1435	1539
1435	2075
1435	2310
1435	2381
1435	2384
1436	1771
1436	2138
1436	2173
1437	1786
1438	1495
1438	1752
1439	1707
1439	1741
1439	2199
1439	2236
1439	2345
1440	2224
1441	1680
1441	1688
1441	1861
1441	2133
1442	1449
1442	1661
1442	1681
1442	1874
1442	2000
1442	2075
1443	2369
1444	1720
1445	1812
1445	2032
1445	2170
1445	2261
1446	2153
1447	1506
1447	1547
1447	1552
1447	1566
1447	1673
1447	1712
1447	1718
1447	1800
1447	2267
1448	1490
1448	1840
1448	1975
1448	2300
1449	1661
1449	1681
1449	1874
1449	2000
1449	2075
1450	1834
1450	1865
1450	2294
1451	2046
1452	1539
1452	2120
1452	2313
1453	1663
1454	1455
1454	2152
1455	2152
1456	2307
1457	1495
1457	1734
1457	2074
1457	2267
1457	2364
1458	1899
1458	2167
1458	2246
1459	1746
1459	2111
1460	2329
1461	1545
1461	1666
1461	1689
1461	1706
1461	1708
1461	1857
1461	1931
1461	2098
1461	2328
1462	1535
1463	1568
1464	1707
1465	2255
1466	2063
1467	1533
1467	1572
1467	2237
1467	2309
1468	1527
1468	2272
1468	2357
1468	2367
1469	1537
1469	1588
1469	1945
1469	1979
1469	2341
1469	2363
1469	2364
1473	2112
1474	1538
1474	1722
1474	1779
1474	1955
1474	2178
1474	2213
1474	2347
1476	1667
1476	1879
1476	1971
1478	2112
1478	2205
1479	1523
1480	2092
1481	2191
1482	2227
1483	1513
1483	1715
1483	1980
1483	2164
1483	2293
1484	1867
1484	1964
1484	2077
1484	2162
1484	2169
1485	1762
1486	1490
1486	1567
1486	2121
1486	2257
1487	2094
1489	1553
1489	1622
1489	1643
1489	1659
1489	1725
1489	1816
1489	1916
1489	1946
1489	2018
1489	2088
1489	2121
1489	2147
1489	2179
1489	2197
1489	2201
1489	2304
1489	2316
1489	2326
1489	2333
1489	2385
1490	1634
1490	1976
1490	2121
1490	2257
1490	2273
1491	1682
1491	1764
1491	2046
1491	2084
1492	2007
1493	1702
1493	1741
1493	2047
1494	1580
1494	2018
1494	2073
1494	2380
1495	1577
1495	1828
1495	2004
1495	2267
1495	2384
1498	1590
1498	1704
1498	1832
1498	1984
1498	1985
1499	1500
1499	1501
1499	1530
1499	1539
1499	1823
1499	1910
1499	1950
1499	2075
1499	2310
1499	2381
1499	2384
1500	1501
1500	1530
1500	1539
1500	1823
1500	1910
1500	1950
1500	2075
1500	2310
1500	2381
1500	2384
1501	1530
1501	1539
1501	2075
1501	2310
1501	2381
1501	2384
1502	2063
1503	1635
1503	1891
1503	2221
1505	1765
1506	1547
1507	1767
1507	2218
1508	2297
1510	1748
1511	1944
1511	2308
1512	2253
1513	2164
1514	2123
1515	1864
1515	2138
1515	2212
1515	2248
1515	2310
1516	1616
1517	2135
1518	1675
1519	1908
1519	2095
1519	2320
1520	1664
1520	1967
1520	2050
1520	2114
1520	2190
1520	2202
1521	1898
1521	1979
1522	2042
1522	2262
1523	1716
1523	1751
1523	1931
1523	2050
1523	2074
1523	2087
1524	1930
1524	2235
1524	2350
1525	1669
1525	2071
1526	1572
1526	1638
1526	2354
1527	2272
1527	2367
1528	2122
1528	2144
1529	1815
1530	1539
1530	2075
1530	2310
1530	2381
1530	2384
1531	1586
1531	1758
1531	2199
1531	2272
1532	1897
1533	1767
1533	1804
1533	1873
1533	1883
1533	1958
1533	2002
1533	2122
1533	2247
1533	2304
1533	2309
1534	1848
1534	2112
1534	2297
1535	1931
1536	1694
1536	2336
1538	1722
1538	1779
1538	1955
1538	2178
1538	2213
1538	2347
1539	1704
1539	1736
1539	1979
1539	2075
1539	2120
1539	2310
1539	2381
1539	2384
1540	1957
1540	2004
1540	2110
1540	2333
1541	1808
1541	2063
1542	1868
1542	1927
1543	2100
1544	2316
1544	2384
1546	1785
1546	2264
1546	2283
1547	1561
1547	1645
1547	1693
1547	1996
1547	2048
1548	1571
1548	2025
1549	1794
1550	1554
1550	1634
1550	1933
1551	1687
1551	1797
1552	1566
1552	1614
1552	1718
1552	1725
1552	1909
1552	2321
1553	1773
1553	2022
1553	2141
1553	2385
1554	1999
1554	2143
1555	1753
1555	1991
1555	2253
1556	1685
1556	2383
1557	1990
1557	2200
1558	2141
1558	2225
1558	2279
1558	2366
1559	1705
1560	1661
1560	1726
1560	1829
1560	2055
1560	2191
1560	2220
1561	1645
1561	2048
1563	1594
1563	2052
1565	2334
1566	1647
1566	1718
1566	1918
1566	2013
1566	2020
1566	2089
1566	2190
1567	1719
1567	1919
1567	1971
1567	1989
1567	2334
1568	1783
1568	2003
1568	2296
1568	2366
1569	1636
1569	1828
1569	1854
1569	1857
1569	2359
1569	2386
1569	2389
1570	2150
1570	2250
1572	1624
1572	1638
1572	2143
1572	2237
1573	1584
1573	1643
1573	1790
1573	1905
1573	1935
1573	2118
1573	2361
1574	1861
1575	1635
1575	1659
1575	1786
1575	1815
1575	2033
1576	1799
1576	1873
1576	1958
1576	2179
1576	2316
1577	1661
1577	1842
1577	1965
1577	2055
1577	2121
1577	2155
1577	2241
1579	1751
1579	2142
1579	2223
1579	2274
1579	2276
1579	2316
1580	2380
1581	1701
1581	1727
1581	1763
1581	1801
1581	2076
1581	2311
1582	1686
1582	1922
1582	1974
1582	2166
1582	2366
1582	2392
1583	1754
1583	1965
1583	1979
1583	2049
1583	2051
1583	2162
1583	2267
1584	1643
1584	1790
1584	1794
1584	1842
1584	1905
1584	1935
1584	1944
1584	1958
1584	2118
1584	2197
1584	2218
1584	2223
1584	2280
1584	2361
1584	2366
1586	2199
1587	1644
1587	1659
1587	1759
1587	2232
1588	1607
1588	1742
1588	1979
1588	2027
1588	2364
1590	1704
1590	1985
1590	2380
1591	1733
1591	1816
1591	1819
1591	1904
1591	1961
1591	1973
1592	1829
1592	1914
1592	1943
1592	2116
1593	1640
1593	2269
1594	1942
1594	2037
1594	2052
1594	2093
1594	2176
1594	2201
1594	2238
1595	1830
1596	1966
1597	2001
1598	1885
1599	1871
1600	2316
1601	1727
1601	1764
1601	1988
1601	2006
1601	2022
1602	2249
1604	2165
1605	1677
1605	2130
1605	2270
1606	1778
1607	1892
1607	1979
1607	2027
1607	2216
1609	2197
1610	1781
1611	1824
1611	2116
1612	1634
1612	1787
1614	2321
1615	1738
1615	1999
1615	2057
1616	2329
1617	1856
1617	2223
1617	2366
1617	2376
1619	1888
1620	1914
1622	1897
1622	2106
1622	2193
1622	2204
1622	2312
1623	1700
1623	1716
1623	2340
1623	2388
1624	1939
1624	1976
1627	2201
1628	1667
1630	1956
1631	1685
1632	1862
1632	1863
1633	1660
1633	1850
1633	2262
1634	1656
1634	2141
1634	2147
1634	2273
1635	1891
1637	2050
1637	2383
1638	1838
1638	1986
1638	2143
1640	2269
1642	2064
1642	2277
1643	1790
1643	1905
1643	1935
1643	1946
1643	2118
1643	2361
1644	2232
1645	1693
1645	1996
1645	2048
1645	2069
1647	1918
1647	2013
1647	2089
1647	2190
1648	1936
1650	1707
1650	1709
1650	1898
1651	2079
1652	1685
1652	1908
1652	2211
1652	2345
1652	2383
1653	1721
1653	2248
1653	2284
1658	1786
1659	1704
1659	1759
1659	1815
1659	2186
1660	1710
1660	1715
1660	1756
1660	2055
1660	2062
1660	2074
1660	2207
1660	2227
1661	1681
1661	1726
1661	1794
1661	1870
1661	1874
1661	1877
1661	2000
1661	2075
1661	2212
1662	2055
1663	2366
1664	1909
1664	1982
1664	2202
1665	1726
1665	1927
1665	2061
1666	1689
1666	1857
1666	2328
1667	1971
1667	2209
1669	1677
1669	2071
1669	2217
1670	1672
1670	2024
1670	2109
1670	2395
1672	1788
1672	1815
1672	2109
1672	2395
1673	1800
1677	2130
1677	2270
1678	1858
1678	1970
1678	2199
1679	2183
1679	2245
1680	2133
1681	1874
1681	2000
1681	2075
1682	2046
1682	2084
1683	1956
1684	2114
1685	1926
1685	2335
1685	2383
1686	1922
1686	1974
1686	2166
1686	2366
1686	2392
1687	2333
1688	1861
1688	1873
1689	1857
1689	2249
1689	2328
1689	2353
1690	1784
1690	2120
1690	2288
1690	2316
1692	1746
1693	1996
1693	2048
1694	1888
1694	1944
1694	1985
1694	2267
1694	2374
1696	1711
1698	2314
1700	2051
1700	2340
1701	1763
1701	1801
1701	2076
1702	1703
1702	1725
1702	1741
1702	2060
1702	2120
1702	2243
1703	2060
1703	2120
1704	1985
1704	2186
1704	2197
1704	2241
1705	1908
1705	2303
1706	1708
1706	1990
1707	1709
1707	1741
1707	1898
1707	2236
1708	1990
1709	1898
1710	1756
1710	1796
1710	2091
1710	2158
1710	2207
1710	2227
1711	1958
1711	2007
1711	2195
1711	2327
1712	2025
1712	2269
1714	1830
1714	2010
1714	2208
1714	2253
1716	1751
1716	1887
1716	1898
1716	1997
1716	2058
1716	2219
1716	2360
1717	2020
1717	2146
1717	2318
1717	2372
1718	1794
1718	1846
1718	2016
1718	2081
1718	2279
1718	2316
1718	2353
1718	2374
1719	1922
1719	2209
1719	2323
1720	2187
1721	1836
1721	2248
1721	2282
1721	2284
1721	2289
1721	2378
1722	1779
1722	1955
1722	2178
1722	2213
1722	2347
1723	1886
1724	1991
1725	1909
1726	2223
1727	1816
1727	2222
1731	1848
1732	1991
1732	2236
1734	2074
1736	1900
1736	2141
1736	2147
1737	1845
1738	1739
1738	1830
1738	2117
1741	2236
1747	2235
1747	2265
1748	1764
1748	1820
1748	2172
1750	1786
1750	2240
1751	2142
1751	2258
1751	2274
1751	2276
1753	1991
1754	2114
1754	2115
1756	2207
1756	2227
1757	2098
1758	2267
1758	2272
1760	1816
1760	1885
1760	2068
1760	2316
1761	2031
1763	1801
1763	2076
1764	1766
1764	1904
1764	2098
1764	2224
1764	2300
1765	1828
1766	1880
1767	1879
1767	2002
1767	2218
1767	2304
1768	1784
1768	2024
1769	2324
1771	2138
1771	2173
1772	1781
1772	2144
1774	2073
1775	2226
1776	1868
1776	2165
1776	2357
1779	1955
1779	2178
1779	2213
1779	2347
1780	2366
1780	2386
1781	2103
1781	2144
1781	2390
1782	2295
1783	2315
1783	2379
1784	1827
1784	1988
1784	1991
1784	2024
1784	2120
1784	2240
1784	2288
1784	2316
1785	2264
1785	2283
1786	1960
1786	2000
1786	2033
1786	2144
1786	2224
1788	1815
1789	1972
1790	1905
1790	1935
1790	2118
1790	2361
1791	1848
1791	1991
1791	2288
1791	2316
1793	2004
1794	1876
1794	2004
1794	2197
1794	2212
1794	2280
1796	1962
1796	2055
1796	2091
1796	2158
1797	1879
1797	1933
1797	1945
1798	1900
1798	2014
1798	2096
1800	2292
1801	2076
1801	2224
1803	2040
1804	1873
1804	1958
1804	2099
1804	2205
1804	2218
1804	2247
1805	1833
1805	2063
1805	2325
1806	2202
1806	2268
1808	2063
1809	2076
1809	2383
1810	1938
1812	2032
1812	2170
1812	2261
1813	1931
1813	2020
1813	2357
1815	2013
1815	2027
1815	2265
1815	2292
1815	2342
1815	2356
1816	1871
1816	2194
1816	2304
1816	2358
1818	2291
1819	1904
1819	1961
1819	1973
1822	2125
1825	1848
1826	2316
1827	1991
1827	2240
1828	1842
1828	1857
1828	2004
1828	2091
1828	2106
1829	1923
1829	2025
1829	2088
1830	2113
1830	2192
1830	2253
1830	2277
1831	1967
1831	2201
1831	2345
1833	1931
1834	1865
1834	2294
1835	2292
1836	2289
1838	1986
1838	2222
1840	1975
1840	2300
1841	2364
1848	2112
1848	2132
1848	2297
1848	2342
1848	2391
1850	1912
1854	2389
1857	2244
1857	2313
1857	2328
1858	2199
1859	1908
1859	2265
1860	1992
1862	1863
1864	2138
1864	2310
1865	2294
1866	1874
1866	2023
1867	1964
1867	2077
1867	2162
1867	2169
1868	1909
1868	1927
1868	2058
1868	2343
1869	2147
1869	2396
1870	2022
1870	2246
1871	2194
1872	2253
1873	1958
1873	2010
1873	2065
1873	2131
1873	2247
1873	2349
1874	2000
1874	2023
1874	2075
1876	2221
1879	1971
1879	2287
1880	2165
1880	2297
1880	2357
1881	2016
1882	1890
1882	2055
1882	2252
1884	2078
1884	2304
1885	2068
1886	2008
1887	1898
1887	1997
1887	2219
1887	2360
1888	2374
1889	2329
1890	2055
1890	2252
1891	2218
1892	2216
1893	2088
1893	2104
1893	2346
1894	1900
1894	1909
1898	1979
1898	1997
1898	2219
1898	2292
1898	2360
1899	2246
1900	1909
1900	2028
1900	2188
1902	2055
1905	1935
1905	2118
1905	2361
1906	2133
1907	2209
1908	1968
1908	2095
1908	2265
1908	2320
1908	2383
1909	1952
1909	1982
1909	2199
1909	2318
1910	1950
1915	2272
1917	2040
1917	2276
1918	2013
1918	2089
1918	2190
1919	1971
1919	2280
1920	1921
1920	1988
1920	2141
1922	1974
1922	2166
1922	2366
1922	2392
1923	2223
1924	2254
1926	2294
1926	2335
1926	2387
1927	2061
1931	1974
1931	2020
1931	2050
1931	2063
1931	2087
1931	2357
1933	1945
1933	2021
1933	2033
1934	2357
1935	2118
1935	2361
1936	1937
1936	2379
1939	1976
1940	2368
1941	2235
1943	2116
1944	1985
1944	1993
1944	2308
1945	2021
1945	2364
1947	1985
1947	1996
1947	2113
1947	2237
1947	2366
1947	2386
1949	2194
1952	2199
1952	2318
1953	2230
1953	2231
1954	2006
1955	2178
1955	2213
1955	2347
1958	2017
1958	2195
1958	2247
1958	2327
1958	2366
1960	2000
1961	1973
1961	2016
1962	2055
1964	2077
1964	2162
1964	2169
1965	2004
1965	2073
1965	2394
1974	2166
1974	2366
1974	2392
1975	2300
1977	2055
1979	2027
1979	2201
1980	2293
1981	2211
1985	1996
1985	2113
1985	2237
1985	2366
1985	2386
1988	2019
1991	2070
1991	2131
1991	2240
1991	2288
1991	2316
1992	2182
1995	2349
1996	2048
1996	2113
1996	2237
1996	2366
1996	2384
1996	2386
1997	2219
1997	2360
1999	2049
1999	2057
1999	2143
2000	2034
2000	2075
2002	2122
2002	2221
2004	2073
2004	2102
2004	2318
2004	2394
2005	2102
2006	2097
2007	2195
2008	2046
2008	2234
2009	2295
2009	2349
2013	2089
2013	2106
2013	2190
2014	2096
2016	2073
2016	2373
2018	2152
2018	2214
2018	2278
2018	2326
2018	2385
2018	2388
2020	2296
2020	2357
2022	2246
2022	2384
2024	2109
2025	2306
2026	2087
2028	2058
2032	2050
2032	2170
2032	2261
2032	2292
2032	2299
2032	2300
2033	2388
2036	2349
2038	2137
2038	2283
2039	2315
2042	2262
2044	2050
2046	2084
2046	2121
2047	2141
2048	2069
2049	2051
2050	2087
2050	2299
2050	2300
2050	2357
2050	2392
2051	2052
2051	2271
2053	2208
2054	2068
2055	2101
2055	2220
2058	2146
2058	2219
2058	2316
2058	2354
2058	2366
2060	2120
2064	2277
2066	2232
2067	2353
2070	2160
2073	2394
2075	2298
2075	2310
2075	2371
2075	2381
2075	2384
2077	2133
2077	2162
2077	2169
2078	2304
2081	2098
2081	2159
2081	2302
2081	2316
2087	2299
2088	2304
2089	2190
2091	2158
2091	2219
2091	2322
2093	2238
2095	2320
2096	2360
2098	2149
2098	2293
2099	2205
2099	2218
2100	2219
2104	2309
2104	2346
2108	2172
2109	2395
2111	2205
2111	2218
2112	2205
2112	2297
2112	2382
2113	2192
2113	2237
2113	2366
2113	2386
2114	2115
2118	2361
2119	2222
2120	2288
2120	2316
2121	2158
2121	2257
2122	2144
2124	2139
2124	2329
2126	2145
2126	2177
2127	2314
2127	2350
2128	2272
2129	2231
2130	2270
2132	2391
2133	2300
2136	2276
2136	2375
2137	2283
2138	2173
2138	2310
2139	2329
2140	2323
2141	2147
2141	2172
2141	2372
2142	2274
2142	2276
2144	2356
2144	2370
2145	2177
2146	2318
2146	2372
2147	2396
2148	2379
2149	2235
2150	2180
2150	2250
2151	2359
2152	2216
2152	2385
2154	2171
2157	2291
2160	2194
2162	2169
2165	2286
2165	2305
2166	2366
2166	2392
2170	2261
2172	2272
2172	2280
2175	2348
2178	2213
2178	2318
2178	2347
2179	2316
2179	2333
2179	2362
2183	2245
2184	2302
2187	2203
2187	2221
2194	2249
2195	2327
2197	2316
2199	2318
2199	2377
2205	2218
2206	2371
2206	2387
2207	2227
2209	2294
2209	2323
2210	2315
2213	2347
2214	2388
2215	2253
2218	2263
2219	2360
2221	2223
2223	2316
2224	2300
2225	2242
2230	2231
2232	2315
2235	2265
2237	2366
2237	2386
2239	2280
2241	2295
2248	2284
2249	2353
2251	2275
2256	2314
2257	2387
2259	2315
2259	2343
2260	2370
2262	2342
2263	2276
2264	2283
2265	2329
2265	2356
2267	2271
2272	2367
2274	2276
2276	2375
2279	2296
2279	2366
2280	2293
2282	2378
2288	2316
2296	2316
2296	2366
2297	2357
2298	2371
2299	2300
2300	2334
2301	2337
2302	2328
2310	2381
2310	2384
2314	2350
2318	2372
2322	2339
2322	2355
2322	2391
2341	2363
2341	2364
2345	2353
2353	2354
2353	2374
2357	2392
2359	2386
2363	2364
2366	2386
2366	2392
2371	2387
2381	2384