1	14	20	31464	0.0503168	0.70
1	16	5	140725	0.2252723	0.80
1	13	0	38217	0.0611302	0.65
1	2	3	110261	0.1764912	0.10
1	7	2	49168	0.0786658	0.35
1	12	1	96074	0.1537740	0.60
1	16	5	150201	0.2404460	0.80
1	12	12	39745	0.0635763	0.60
1	14	3	67874	0.1086195	0.70
1	14	6	80197	0.1283510	0.70
1	11	20	113247	0.1812730	0.55
2	18	3	104092	0.1666135	0.90
1	12	5	20590	0.0329036	0.60
1	12	2	15678	0.0250395	0.60
1	12	4	43	0.0000038	0.60
1	15	4	46433	0.0742862	0.75
1	13	4	137014	0.2193299	0.65
1	15	5	29552	0.0472545	0.75
2	13	10	25141	0.0401916	0.65
2	12	3	37032	0.0592317	0.60
2	16	25	106069	0.1697786	0.80
1	14	2	60328	0.0965353	0.70
1	14	2	29846	0.0477255	0.70
1	9	10	22245	0.0355550	0.45
2	14	20	62715	0.1003580	0.70
1	16	2	40397	0.0646208	0.80
1	16	20	56125	0.0898054	0.80
1	17	7	79893	0.1278647	0.85
1	16	4	20761	0.0331777	0.80
1	8	20	12569	0.0200608	0.40
1	14	5	22795	0.0364351	0.70
1	20	15	70647	0.1130598	1.00
1	13	2	45869	0.0733822	0.65
1	16	10	59161	0.0946664	0.80
1	17	3	38160	0.0610388	0.85
2	14	10	35264	0.0564021	0.70
1	13	2	70355	0.1125914	0.65
1	10	2	45805	0.0732802	0.50
1	9	0	37873	0.0605799	0.45
1	14	3	40768	0.0652154	0.70
1	12	15	53301	0.0852828	0.60
1	12	15	88876	0.1422483	0.60
1	12	10	48631	0.0778057	0.60
1	15	12	65168	0.1042857	0.75
1	13	4	18198	0.0290743	0.65
1	17	20	39575	0.0633046	0.85
1	20	2	27397	0.0438038	1.00
1	13	3	67216	0.1075653	0.65
1	13	10	11416	0.0182138	0.65
1	16	3	33308	0.0532687	0.80
1	18	2	100030	0.1601086	0.90
1	14	20	39343	0.0629324	0.70
1	12	5	54198	0.0867192	0.60
1	8	20	13521	0.0215846	0.40
1	12	2	16724	0.0267141	0.60
2	9	2	11003	0.0175526	0.45
2	13	3	9694	0.0154565	0.65
2	11	8	5047	0.0080157	0.55
2	11	2	32387	0.0517942	0.55
2	15	10	137780	0.2205572	0.75
1	13	24	46780	0.0748416	0.65
1	14	2	62769	0.1004444	0.70
1	15	10	77866	0.1246184	0.75
1	13	12	98900	0.1582991	0.65
1	13	10	56301	0.0900867	0.65
1	11	10	42966	0.0687338	0.55
1	14	5	79273	0.1268721	0.70
1	13	3	71275	0.1140647	0.65
1	12	2	34580	0.0553067	0.60
1	12	40	29097	0.0465261	0.60
1	18	4	13604	0.0217185	0.90
1	7	6	3961	0.0062774	0.35
1	14	3	16563	0.0264560	0.70
1	12	4	8439	0.0134479	0.60
1	12	5	10328	0.0164726	0.60
1	12	20	67901	0.1086612	0.60
1	15	3	20531	0.0328091	0.75
1	16	10	70641	0.1130499	0.80
1	16	1	73336	0.1173651	0.80
1	17	20	62467	0.0999607	0.85
1	14	10	121215	0.1940317	0.70
1	12	2	6765	0.0107674	0.60
1	16	2	38029	0.0608282	0.80
1	13	2	31887	0.0509933	0.65
1	14	75	49511	0.0792152	0.70
2	13	5	52527	0.0840437	0.65
1	17	10	58069	0.0929175	0.85
1	12	3	9761	0.0155647	0.60
2	12	1	18106	0.0289271	0.60
1	14	10	320	0.0004459	0.70
1	2	2	23337	0.0373034	0.10
2	11	4	10211	0.0162852	0.55
2	15	4	16869	0.0269464	0.75
2	11	1	32729	0.0523418	0.55
2	12	2	22265	0.0355871	0.60
2	12	3	16282	0.0260057	0.60
2	12	2	9840	0.0156904	0.60
1	12	3	14993	0.0239422	0.60
1	11	1	10533	0.0168001	0.55
1	11	15	9767	0.0155734	0.55
2	12	2	21491	0.0343467	0.60
2	2	3	8407	0.0133965	0.10
1	15	10	10932	0.0174388	0.75
1	15	5	72881	0.1166356	0.75
1	16	15	141582	0.2266444	0.80
1	17	8	71356	0.1141950	0.85
1	20	5	181292	0.2902318	1.00
1	16	25	65057	0.1041073	0.80
1	13	5	51281	0.0820493	0.65
1	12	10	120785	0.1933432	0.60
1	14	10	64610	0.1033927	0.70
1	13	0	16234	0.0259300	0.65
1	10	5	16636	0.0265722	0.50
1	15	12	90972	0.1456045	0.75
1	16	15	46714	0.0747360	0.80
1	14	10	71705	0.1147534	0.70
1	12	10	38230	0.0611502	0.60
2	16	4	31213	0.0499143	0.80
1	12	25	55302	0.0884883	0.60
1	12	3	73070	0.1169386	0.60
1	12	4	51981	0.0831697	0.60
1	12	6	122966	0.1968356	0.60
1	12	5	29966	0.0479182	0.60
1	14	6	102115	0.1634483	0.70
1	17	15	95956	0.1535860	0.85
1	18	10	74837	0.1197691	0.90
1	16	5	155342	0.2486783	0.80
1	13	3	28213	0.0451116	0.65
1	12	12	30985	0.0495494	0.60
1	12	3	71606	0.1145942	0.60
1	12	5	24121	0.0385578	0.60
1	13	7	99063	0.1585604	0.65
1	12	3	81289	0.1300995	0.60
1	15	4	76650	0.1226713	0.75
1	12	10	12584	0.0200842	0.60
1	12	10	24873	0.0397629	0.60
1	15	10	13094	0.0209011	0.75
1	9	2	126245	0.2020871	0.45
1	16	4	64249	0.1028139	0.80
1	12	2	32324	0.0516932	0.60
1	16	20	46603	0.0745580	0.80
1	14	10	84902	0.1358845	0.70
1	14	10	76104	0.1217968	0.70
1	12	1	81013	0.1296578	0.60
1	16	4	42998	0.0687857	0.80
1	16	5	158584	0.2538697	0.80
1	20	10	488007	0.7813652	1.00
1	14	1	42248	0.0675847	0.70
1	17	25	92357	0.1478228	0.85
2	12	60	26362	0.0421462	0.60
1	16	12	47124	0.0753926	0.80
2	11	2	13816	0.0220570	0.55
1	12	1	4138	0.0065603	0.60
2	13	6	8956	0.0142752	0.65
2	14	5	12550	0.0200306	0.70
1	16	11	38353	0.0613477	0.80
1	13	3	123074	0.1970084	0.65
1	13	7	96391	0.1542814	0.65
1	12	5	127449	0.2040138	0.60
2	13	6	58957	0.0943403	0.65
2	14	6	107789	0.1725333	0.70
1	20	5	80749	0.1292355	1.00
1	2	1	23408	0.0374173	0.10
1	14	5	58982	0.0943796	0.70
1	17	2	90071	0.1441615	0.85
1	16	10	109132	0.1746833	0.80
1	14	3	46296	0.0740668	0.70
1	10	3	10873	0.0173449	0.50
1	16	8	142865	0.2286991	0.80
2	9	3	18010	0.0287726	0.45
1	14	6	44583	0.0713241	0.70
1	13	3	14027	0.0223949	0.65
1	13	2	35605	0.0569475	0.65
1	14	5	46379	0.0741992	0.70
1	14	1	19567	0.0312664	0.70
1	16	10	141689	0.2268170	0.80
1	14	1	100647	0.1610966	0.70
1	16	10	141297	0.2261889	0.80
1	14	10	120174	0.1923647	0.70
1	15	10	125402	0.2007366	0.75
2	11	3	55374	0.0886028	0.55
2	12	2	24038	0.0384249	0.60
1	12	3	104771	0.1677008	0.60
1	12	12	74472	0.1191837	0.60
2	14	4	20671	0.0330342	0.70
1	16	15	151280	0.2421738	0.80
1	20	8	2872	0.0045335	1.00
1	12	10	65119	0.1042073	0.60
1	16	11	65758	0.1052299	0.80
1	2	3	25806	0.0412558	0.10
1	14	15	62901	0.1006558	0.70
1	12	4	50212	0.0803376	0.60
2	12	0	74217	0.1187757	0.60
1	12	2	53512	0.0856205	0.60
1	13	15	124043	0.1985604	0.65
1	14	13	57770	0.0924387	0.70
1	9	3	90384	0.1446638	0.45
1	10	15	45033	0.0720438	0.50
2	14	2	10613	0.0169281	0.70
2	14	10	14751	0.0235538	0.70
1	12	5	55288	0.0884658	0.60
1	9	1	36844	0.0589319	0.45
1	13	2	55361	0.0885822	0.65
1	16	20	32659	0.0522305	0.80
1	14	50	139074	0.2226283	0.70
1	16	6	13098	0.0209080	0.80
2	11	2	13696	0.0218653	0.55
2	14	2	18589	0.0296999	0.70
2	14	10	14610	0.0233291	0.70
2	15	2	20463	0.0327014	0.75
2	12	6	3063	0.0048394	0.60
2	12	10	5621	0.0089344	0.60
1	5	3	11543	0.0184173	0.25
2	14	0	75682	0.1211218	0.70
2	13	15	19380	0.0309665	0.65
1	16	1	7164	0.0114057	0.80
2	11	0	3440	0.0054426	0.55
2	14	3	4514	0.0071624	0.70
2	12	10	14803	0.0236370	0.60
2	11	1	3398	0.0053760	0.55
1	16	3	62321	0.0997267	0.80
1	16	10	150368	0.2407141	0.80
1	13	8	76464	0.1223734	0.65
1	18	5	460223	0.7368755	0.90
1	15	25	45469	0.0727426	0.75
1	16	40	41456	0.0663166	0.80
1	16	2	64107	0.1025868	0.80
1	11	4	112296	0.1797505	0.55
1	12	10	90351	0.1446107	0.60
1	20	3	214362	0.3431853	1.00
1	16	7	56653	0.0906504	0.80
1	10	4	58276	0.0932490	0.50
1	18	3	75248	0.1204264	0.90
1	19	3	63646	0.1018483	0.95
1	16	4	59472	0.0951644	0.80
1	17	2	80978	0.1296013	0.85
1	6	15	78155	0.1250815	0.30
1	14	25	59675	0.0954896	0.70
1	13	25	85649	0.1370818	0.65
1	15	4	35651	0.0570212	0.75
1	15	1	23625	0.0377635	0.75
1	12	20	125407	0.2007447	0.60
1	18	6	614625	0.9841147	0.90
1	13	8	48430	0.0774831	0.65
1	13	2	32078	0.0512997	0.65
1	14	4	101179	0.1619490	0.70
1	14	25	106163	0.1699293	0.70
1	14	15	42639	0.0682111	0.70
1	14	3	125132	0.2003043	0.70
1	13	25	39206	0.0627137	0.65
1	16	8	46763	0.0748151	0.80
1	15	5	56921	0.0910794	0.75
1	12	3	70074	0.1121416	0.60
1	12	3	64851	0.1037774	0.60
1	12	3	37014	0.0592041	0.60
1	18	8	146582	0.2346514	0.90
1	12	16	53681	0.0858914	0.60
1	14	4	81812	0.1309366	0.70
1	12	4	36782	0.0588322	0.60
1	16	5	83763	0.1340620	0.80
1	16	0	32966	0.0527223	0.80
1	18	10	624546	1.0000000	0.90
1	16	2	146199	0.2340382	0.80
1	12	20	45649	0.0730304	0.60
1	18	6	149567	0.2394318	0.90
1	17	20	297590	0.4764566	0.85
1	18	3	58007	0.0928195	0.90
2	16	3	39535	0.0632410	0.80
2	12	3	52003	0.0832044	0.60
1	12	5	51195	0.0819112	0.60
2	16	0	58937	0.0943083	0.80
1	12	10	77124	0.1234307	0.60
1	12	1	10321	0.0164612	0.60
1	16	5	37808	0.0604745	0.80
1	15	3	108587	0.1738113	0.75
1	14	10	125458	0.2008267	0.70
1	16	10	150	0.0001750	0.80
1	18	5	52316	0.0837059	0.90
1	14	2	127280	0.2037439	0.70
1	14	5	53216	0.0851469	0.70
1	16	3	143588	0.2298567	0.80
1	20	6	221161	0.3540729	1.00
1	19	2	429872	0.6882741	0.95
1	16	10	143959	0.2304514	0.80
1	11	20	57910	0.0926642	0.55
1	16	12	2485	0.0039133	0.80
1	16	10	87590	0.1401893	0.80
1	8	50	111185	0.1779718	0.40
2	5	3	48881	0.0782058	0.25
1	13	5	20645	0.0329923	0.65
1	17	20	25350	0.0405266	0.85
1	14	10	33624	0.0537759	0.70
1	12	7	736	0.0011136	0.60
2	9	5	34053	0.0544622	0.45
1	14	2	28152	0.0450133	0.70
1	13	5	40274	0.0644236	0.65
1	12	3	14070	0.0224642	0.60
1	13	6	21820	0.0348733	0.65
1	12	2	28646	0.0458038	0.60
1	14	5	103677	0.1659487	0.70
1	13	3	33903	0.0542219	0.65
1	16	11	77745	0.1244252	0.80
1	16	10	149938	0.2400257	0.80
1	14	5	125022	0.2001276	0.70
1	14	10	136464	0.2184499	0.70
1	17	25	149321	0.2390366	0.85
1	12	5	93153	0.1490974	0.60
1	18	4	44490	0.0711748	0.90
1	17	6	40727	0.0651492	0.85
1	18	2	50068	0.0801072	0.90
1	16	30	154564	0.2474321	0.80
1	15	10	129200	0.2068176	0.75
1	16	5	149871	0.2399181	0.80
1	12	2	122184	0.1955842	0.60
1	19	4	56399	0.0902443	0.95
1	14	6	26055	0.0416551	0.70
1	12	10	30602	0.0489357	0.60
1	14	6	16876	0.0269573	0.70
1	12	10	34471	0.0551308	0.60
1	14	0	26002	0.0415699	0.70
1	15	2	51266	0.0820255	0.75
1	12	10	47727	0.0763588	0.60
1	20	2	53713	0.0859431	1.00
2	8	0	13619	0.0217422	0.40
1	9	10	16644	0.0265851	0.45
1	12	2	28695	0.0458827	0.60
1	11	4	42020	0.0672201	0.55
1	12	1	29318	0.0468804	0.60
1	12	4	429	0.0006207	0.60
1	13	15	21255	0.0339693	0.65
1	12	7	19386	0.0309758	0.60
1	14	3	73757	0.1180398	0.70
1	12	3	26606	0.0425379	0.60
1	12	3	57360	0.0917828	0.60
2	12	2	35425	0.0566587	0.60
1	12	3	23574	0.0376827	0.60
1	13	3	63190	0.1011183	0.65
1	14	12	58894	0.0942388	0.70
1	18	16	55625	0.0890051	0.90
2	20	2	50546	0.0808714	1.00
1	12	15	17623	0.0281539	0.60
1	13	1	66920	0.1070914	0.65
1	16	8	69428	0.1111078	0.80
1	17	2	40180	0.0642738	0.85
2	14	2	847	0.0012902	0.70
1	14	3	29263	0.0467923	0.70
2	6	2	12820	0.0204631	0.30
2	15	3	36012	0.0575997	0.75
2	15	2	69561	0.1113202	0.75
2	14	5	42393	0.0678174	0.70
2	16	1	14448	0.0230695	0.80
1	16	25	53739	0.0859846	0.80
1	16	4	59314	0.0949118	0.80
1	12	4	61862	0.0989913	0.60
2	19	12	72212	0.1155646	0.95
1	19	7	45440	0.0726954	0.95
1	13	2	24328	0.0388903	0.65
2	11	1	18614	0.0297398	0.55
1	18	5	166418	0.2664139	0.90
2	11	30	20937	0.0334596	0.55
2	12	3	17268	0.0275852	0.60
2	14	10	49381	0.0790061	0.70
2	12	1	35264	0.0564007	0.60
1	20	15	227570	0.3643351	1.00
1	19	20	505442	0.8092832	0.95
1	16	26	140802	0.2253954	0.80
1	16	3	143023	0.2289523	0.80
1	20	4	517573	0.8287076	1.00
1	16	15	53965	0.0863469	0.80
1	20	8	49726	0.0795582	1.00
1	16	20	331897	0.5313912	0.80
1	16	15	5498	0.0087374	0.80
2	6	3	6500	0.0103431	0.30
2	9	2	6466	0.0102882	0.45
2	12	18	19335	0.0308946	0.60
2	14	3	8531	0.0135942	0.70
1	12	10	37278	0.0596260	0.60
1	14	10	85597	0.1369973	0.70
1	14	0	38496	0.0615761	0.70
1	18	2	68621	0.1098142	0.90
2	8	3	5623	0.0089385	0.40
2	18	15	15627	0.0249566	0.90
2	14	4	33408	0.0534288	0.70
2	12	2	26796	0.0428424	0.60
2	13	3	1436	0.0022335	0.65
1	12	15	64433	0.1031089	0.60
1	18	50	168179	0.2692339	0.90
1	13	6	47434	0.0758888	0.65
1	18	20	220095	0.3523651	0.90
1	16	2	143556	0.2298059	0.80
1	16	50	141783	0.2269665	0.80
1	18	10	422149	0.6759089	0.90
1	17	3	145093	0.2322673	0.85
1	12	10	126320	0.2022073	0.60
2	12	5	47592	0.0761421	0.60
2	12	2	27607	0.0441409	0.60
2	13	5	2689	0.0042393	0.65
2	15	4	64637	0.1034358	0.75
2	14	7	3015	0.0047617	0.70
2	14	2	97319	0.1557675	0.70
2	11	3	111741	0.1788615	0.55
2	11	3	5998	0.0095391	0.55
1	14	2	14793	0.0236213	0.70
2	12	3	21692	0.0346685	0.60
1	15	5	36229	0.0579467	0.75
1	16	1	158558	0.2538289	0.80
1	16	0	144400	0.2311581	0.80
1	20	10	90654	0.1450963	1.00
1	16	0	100365	0.1606454	0.80
2	19	3	248212	0.3973883	0.95
1	19	4	10411	0.0166043	0.95
1	16	3	56954	0.0911331	0.80
2	20	5	83876	0.1342424	1.00
1	12	20	57032	0.0912578	0.60
1	12	3	61351	0.0981737	0.60
1	18	8	479100	0.7671017	0.90
1	15	75	130945	0.2096118	0.75
1	12	2	72539	0.1160894	0.60
1	12	1	55501	0.0888057	0.60
1	12	1	88640	0.1418702	0.60
1	15	4	134253	0.2149088	0.75
1	14	8	95117	0.1522425	0.70
1	15	50	131752	0.2109040	0.75
1	16	3	158271	0.2533684	0.80
2	12	5	3704	0.0058656	0.60
2	12	1	74586	0.1193665	0.60
1	18	4	19551	0.0312410	0.90
1	15	6	124859	0.1998664	0.75
1	14	4	139516	0.2233368	0.70
1	14	3	91855	0.1470186	0.70
1	18	5	139074	0.2226296	0.90
1	19	15	218220	0.3493629	0.95
1	12	5	121341	0.1942340	0.60
1	11	5	54198	0.0867195	0.55
1	18	4	378283	0.6056669	0.90
1	13	6	86250	0.1380432	0.65
1	16	3	156037	0.2497914	0.80
2	15	1	76795	0.1229031	0.75
1	13	8	44256	0.0707999	0.65
1	16	20	52400	0.0838415	0.80
1	12	4	70844	0.1133739	0.60
1	12	3	20750	0.0331613	0.60
1	12	4	70608	0.1129960	0.60
1	14	2	34895	0.0558099	0.70
1	12	8	27156	0.0434181	0.60
1	14	2	23897	0.0381996	0.70
1	12	1	174	0.0002123	0.60
1	9	20	32980	0.0527444	0.45
1	12	3	23368	0.0373526	0.60
1	12	5	11441	0.0182539	0.60
1	15	5	38695	0.0618959	0.75
1	9	0	23338	0.0373054	0.45
1	8	2	14596	0.0233060	0.40
1	16	1	57682	0.0922982	0.80
1	12	2	14675	0.0234330	0.60
1	12	2	30473	0.0487303	0.60
1	12	2	15020	0.0239857	0.60
1	12	3	18939	0.0302609	0.60
1	12	15	54271	0.0868370	0.60
1	12	2	7193	0.0114515	0.60
2	14	4	4127	0.0065427	0.70
1	12	0	19493	0.0311485	0.60
1	14	3	34714	0.0555199	0.70
1	11	4	27096	0.0433217	0.55
1	14	5	47864	0.0765773	0.70
1	12	3	10525	0.0167880	0.60
1	2	10	81357	0.1302086	0.10
2	12	0	3018	0.0047663	0.60
2	12	3	1186	0.0018331	0.60
1	16	3	6846	0.0108965	0.80
1	12	10	58510	0.0936241	0.60
1	12	10	24953	0.0398911	0.60
1	17	15	51312	0.0820991	0.85
1	12	5	31623	0.0505712	0.60
1	18	20	102887	0.1646841	0.90
1	12	3	52753	0.0844053	0.60
1	18	2	492868	0.7891479	0.90
2	12	6	40820	0.0652973	0.60
1	12	3	7523	0.0119799	0.60
1	18	10	43902	0.0702332	0.90
1	18	1	49723	0.0795541	0.90
1	12	1	23115	0.0369482	0.60
1	12	6	40642	0.0650129	0.60
1	15	26	60117	0.0961981	0.75
1	12	10	42302	0.0676710	0.60
1	14	10	43248	0.0691858	0.70
1	8	0	22929	0.0366493	0.40
1	12	35	32827	0.0524993	0.60
1	11	2	36672	0.0586561	0.55
1	12	15	26717	0.0427156	0.60
1	16	3	46547	0.0744691	0.80
1	13	3	75497	0.1208259	0.65
1	9	10	9360	0.0149227	0.45
1	13	3	16155	0.0258024	0.65
1	11	4	8175	0.0130242	0.55
1	12	2	49713	0.0795384	0.60
1	16	2	61598	0.0985698	0.80
1	13	0	8767	0.0139731	0.65
1	16	6	89342	0.1429942	0.80
1	12	3	3193	0.0050471	0.60
1	10	2	4173	0.0066168	0.50
1	14	3	8791	0.0140108	0.70
1	4	1	4132	0.0065507	0.20
1	9	11	15656	0.0250031	0.45
1	16	10	100227	0.1604253	0.80
1	12	6	87531	0.1400953	0.60
1	12	3	128868	0.2062868	0.60
1	12	20	70869	0.1134151	0.60
1	15	10	62427	0.0998968	0.75
1	20	15	42752	0.0683913	1.00
1	16	10	32852	0.0525397	0.80
1	12	15	29997	0.0479682	0.60
1	12	25	28747	0.0459665	0.60
1	14	3	14962	0.0238921	0.70
1	8	25	8584	0.0136791	0.40
1	12	4	23045	0.0368355	0.60
1	9	2	5033	0.0079941	0.45
1	12	15	12178	0.0194346	0.60
1	12	1	90489	0.1448317	0.60
1	17	10	73634	0.1178425	0.85
1	16	25	30565	0.0488772	0.80
1	12	6	59910	0.0958670	0.60
1	18	9	89115	0.1426312	0.90
1	12	10	12225	0.0195092	0.60
1	12	2	8511	0.0135622	0.60
1	14	2	74885	0.1198458	0.70
1	15	25	68646	0.1098546	0.75
1	16	8	22467	0.0359099	0.80
1	12	8	11986	0.0191276	0.60
1	12	4	27644	0.0441991	0.60
1	15	3	9780	0.0155945	0.75
1	12	4	120910	0.1935440	0.60
1	14	34	19161	0.0306158	0.70
1	16	25	107678	0.1723563	0.80
1	16	25	155143	0.2483603	0.80
1	18	5	97772	0.1564927	0.90
1	20	10	237759	0.3806503	1.00
1	16	10	87150	0.1394846	0.80
1	16	7	62076	0.0993342	0.80
1	14	5	35037	0.0560377	0.70
1	12	5	4726	0.0075023	0.60
1	8	10	3251	0.0051397	0.40
1	12	8	3795	0.0060103	0.60
1	14	1	38236	0.0611611	0.70
1	9	0	9240	0.0147294	0.45
2	16	4	20067	0.0320673	0.80
1	13	25	28904	0.0462178	0.65
1	12	15	27698	0.0442869	0.60
1	11	4	34564	0.0552805	0.55
1	13	10	62692	0.1003208	0.65
1	14	2	58176	0.0930890	0.70
1	18	3	28171	0.0450429	0.90
1	14	20	51969	0.0831505	0.70
1	12	2	13358	0.0213237	0.60
1	15	2	87814	0.1405473	0.75
1	12	3	72643	0.1162555	0.60
1	13	15	15016	0.0239788	0.65
1	14	8	25553	0.0408520	0.70
1	12	20	125842	0.2014410	0.60
1	14	3	72722	0.1163809	0.70
1	16	15	96335	0.1541923	0.80
1	12	5	72606	0.1161967	0.60
1	13	50	3634	0.0057532	0.65
1	18	20	85889	0.1374660	0.90
1	14	25	41435	0.0662831	0.70
1	12	1	6652	0.0105855	0.60
1	16	2	28619	0.0457609	0.80
1	20	3	29508	0.0471839	1.00
1	16	1	153769	0.2461589	0.80
1	13	2	121493	0.1944765	0.65
1	15	3	65315	0.1045207	0.75
1	11	11	8337	0.0132843	0.55
1	11	4	5320	0.0084528	0.55
1	11	6	9433	0.0150394	0.55
1	14	6	7745	0.0123356	0.70
1	11	12	36867	0.0589682	0.55
1	13	4	12917	0.0206172	0.65
1	12	2	38606	0.0617529	0.60
1	14	6	68705	0.1099486	0.70
1	14	1	49709	0.0795320	0.70
1	14	10	76700	0.1227511	0.70
2	13	1	18314	0.0292596	0.65
1	9	6	13117	0.0209375	0.45
1	14	3	103742	0.1660527	0.70
1	12	12	100210	0.1603970	0.60
1	13	3	22769	0.0363943	0.65
1	10	2	3036	0.0047952	0.50
2	12	1	48221	0.0771488	0.60
2	14	5	39006	0.0623930	0.70
2	6	3	6697	0.0106587	0.30
1	16	6	7164	0.0114064	0.80
2	13	1	32483	0.0519482	0.65
1	10	4	21375	0.0341607	0.50
1	14	10	135142	0.2163327	0.70
1	16	8	58756	0.0940177	0.80
1	14	15	131927	0.2111845	0.70
1	12	20	43174	0.0690672	0.60
1	16	5	56558	0.0904983	0.80
1	15	30	20259	0.0323746	0.75
1	16	4	32873	0.0525729	0.80
1	16	5	88560	0.1417422	0.80
1	12	10	47531	0.0760444	0.60
1	2	25	111595	0.1786285	0.10
1	16	15	67786	0.1084782	0.80
1	17	10	7005	0.0111517	0.85
1	16	5	18922	0.0302341	0.80
1	16	4	55697	0.0891198	0.80
1	18	3	241939	0.3873436	0.90
1	16	5	44630	0.0713992	0.80
1	16	2	54750	0.0876045	0.80
1	18	5	31206	0.0499031	0.90
1	13	6	40338	0.0645261	0.65
1	12	5	41174	0.0658653	0.60
1	12	10	20631	0.0329694	0.60
1	9	2	59371	0.0950035	0.45
1	9	3	47699	0.0763128	0.45
1	14	3	16471	0.0263083	0.70
1	12	6	24830	0.0396935	0.60
1	18	10	613418	0.9821819	0.90
1	12	8	126892	0.2031225	0.60
1	12	1	34794	0.0556486	0.60
1	13	2	14196	0.0226663	0.65
1	11	65	8401	0.0133864	0.55
1	14	0	23480	0.0375320	0.70
1	6	0	3792	0.0060067	0.30
1	12	3	10240	0.0163316	0.60
1	13	5	14006	0.0223620	0.65
1	11	1	10898	0.0173842	0.55
1	17	5	12674	0.0202284	0.85
1	12	5	21413	0.0342224	0.60
2	19	5	62311	0.0997114	0.95
1	12	25	11654	0.0185952	0.60
1	10	12	28804	0.0460573	0.50
1	8	5	8073	0.0128606	0.40
1	18	2	32495	0.0519668	0.90
2	14	2	31635	0.0505902	0.70
1	14	3	11589	0.0184907	0.70
1	13	6	54066	0.0865078	0.65
1	12	4	31897	0.0510096	0.60
1	20	15	38880	0.0621910	1.00
2	14	0	31734	0.0507484	0.70
2	13	10	4966	0.0078859	0.65
1	9	4	10963	0.0174892	0.45
1	12	3	18849	0.0301172	0.60
1	9	1	32805	0.0524637	0.45
1	10	1	31698	0.0506911	0.50
1	12	5	48158	0.0770478	0.60
1	10	1	42477	0.0679514	0.50
1	11	5	71463	0.1143660	0.55
1	17	10	10790	0.0172121	0.85
1	12	1	31840	0.0509189	0.60
1	12	6	24359	0.0389398	0.60
1	8	2	6032	0.0095930	0.40
1	12	0	32950	0.0526957	0.60
1	16	1	60357	0.0965826	0.80
1	12	5	51708	0.0827325	0.60
1	11	6	31673	0.0506512	0.55
1	12	5	42626	0.0681893	0.60
1	12	3	33639	0.0537988	0.60
1	14	3	135731	0.2172765	0.70
1	10	5	30631	0.0489827	0.50
1	10	2	10456	0.0166776	0.50
1	16	3	35195	0.0562907	0.80
1	14	6	43763	0.0700100	0.70
1	11	3	34402	0.0550213	0.55
1	20	20	53381	0.0854120	1.00
1	17	1	62696	0.1003266	0.85
1	14	75	120534	0.1929417	0.70
1	12	5	22858	0.0365355	0.60
1	14	4	10726	0.0171097	0.70
1	14	6	24430	0.0390537	0.70
1	8	3	44119	0.0705799	0.40
1	12	5	24918	0.0398352	0.60
1	16	15	145076	0.2322393	0.80
1	19	5	20878	0.0333660	0.95
1	16	5	81529	0.1304843	0.80
1	16	5	20405	0.0326086	0.80
1	17	10	95575	0.1529748	0.85
1	12	4	46393	0.0742215	0.60
1	20	15	38907	0.0622342	1.00
1	15	14	69149	0.1106598	0.75
1	15	4	44611	0.0713684	0.75
1	18	15	43746	0.0699834	0.90
1	14	2	86766	0.1388696	0.70
1	14	4	40045	0.0640565	0.70
1	8	5	63674	0.1018934	0.40
1	8	1	5248	0.0083377	0.40
1	16	6	65072	0.1041317	0.80
1	13	3	64290	0.1028792	0.65
1	12	3	21547	0.0344367	0.60
1	12	4	9926	0.0158289	0.60
1	12	4	30734	0.0491481	0.60
1	13	5	53619	0.0857933	0.65
1	13	3	38594	0.0617337	0.65
1	13	3	51056	0.0816892	0.65
1	18	25	255943	0.4097675	0.90
1	20	2	181933	0.2912577	1.00
1	11	2	34398	0.0550148	0.55
1	18	6	205726	0.3293572	0.90
1	16	6	52855	0.0845694	0.80
1	12	4	11275	0.0179887	0.60
1	12	75	74544	0.1192989	0.60
1	13	3	98793	0.1581278	0.65
1	12	15	61006	0.0976206	0.60
1	12	3	17182	0.0274475	0.60
1	12	2	37098	0.0593378	0.60
1	12	2	30539	0.0488361	0.60
1	12	3	31200	0.0498944	0.60
1	14	1	4185	0.0066352	0.70
1	6	10	12639	0.0201731	0.30
1	12	20	28024	0.0448079	0.60
1	12	0	17401	0.0277977	0.60
1	12	5	13186	0.0210488	0.60
2	2	3	24301	0.0388473	0.10
1	12	5	36044	0.0576507	0.60
1	17	10	78185	0.1251298	0.85
1	12	1	56103	0.0897701	0.60
1	18	10	509694	0.8160916	0.90
1	12	35	59269	0.0948391	0.60
1	12	6	21462	0.0343006	0.60
1	18	2	57285	0.0916621	0.90
1	14	6	68593	0.1097698	0.70
1	15	10	35429	0.0566654	0.75
1	13	3	14360	0.0229284	0.65
1	12	5	62917	0.1006817	0.60
1	12	2	5234	0.0083155	0.60
1	12	1	23276	0.0372057	0.60
1	12	1	30992	0.0495611	0.60
1	12	15	17554	0.0280430	0.60
1	14	4	124374	0.1990897	0.70
1	13	2	13840	0.0220957	0.65
1	14	1	19034	0.0304121	0.70
1	15	10	30660	0.0490292	0.75
1	12	18	63566	0.1017210	0.60
1	12	6	22548	0.0360389	0.60
1	12	5	4021	0.0063723	0.60
1	20	2	28514	0.0455926	1.00
1	15	1	582	0.0008660	0.75
1	12	4	40466	0.0647316	0.60
1	15	2	62193	0.0995213	0.75
1	14	5	85623	0.1370396	0.70
1	14	2	101766	0.1628890	0.70
1	18	4	53268	0.0852308	0.90
1	18	2	59918	0.0958787	0.90
1	17	2	97	0.0000893	0.85
1	12	3	99074	0.1585789	0.60
1	14	10	65459	0.1047512	0.70
1	14	6	57281	0.0916569	0.70
1	14	2	54398	0.0870407	0.70
1	16	15	55586	0.0889429	0.80
1	18	3	92328	0.1477759	0.90
1	12	10	64870	0.1038082	0.60
1	10	2	26725	0.0427279	0.50
1	12	10	48433	0.0774892	0.60
1	12	2	31354	0.0501410	0.60
1	12	3	23609	0.0377392	0.60
1	17	9	25197	0.0402817	0.85
1	14	5	32974	0.0527347	0.70
1	12	2	28357	0.0453419	0.60
1	12	5	42765	0.0684130	0.60
1	12	20	101254	0.1620692	0.60
1	16	5	20914	0.0334225	0.80
1	12	3	20545	0.0328327	0.60
1	12	10	25659	0.0410216	0.60
1	13	10	12755	0.0203578	0.65
1	13	2	10686	0.0170455	0.65
1	12	3	123158	0.1971432	0.60
1	15	2	43405	0.0694371	0.75
1	12	5	15544	0.0248243	0.60
1	14	5	139972	0.2240667	0.70
1	12	5	52640	0.0842245	0.60
1	12	4	91827	0.1469732	0.60
1	12	2	27509	0.0439834	0.60
1	12	50	12192	0.0194577	0.60
1	14	20	124022	0.1985270	0.70
1	16	2	24267	0.0387924	0.80
1	15	10	77397	0.1238683	0.75
1	12	3	18070	0.0288684	0.60
1	12	3	43283	0.0692420	0.60
1	10	3	9302	0.0148289	0.50
1	12	15	50900	0.0814395	0.60
1	12	10	32689	0.0522789	0.60
1	13	7	24617	0.0393520	0.65
1	15	50	31750	0.0507738	0.75
1	10	1	50	0.0000151	0.50
1	15	2	84375	0.1350420	0.75
1	12	8	18867	0.0301462	0.60
1	12	3	73821	0.1181410	0.60
1	12	15	50464	0.0807409	0.60
1	12	1	38514	0.0616061	0.60
1	13	5	30494	0.0487636	0.65
2	12	10	36418	0.0582487	0.60
1	14	5	56019	0.0896361	0.70
1	16	4	80928	0.1295222	0.80
1	19	40	70418	0.1126923	0.95
1	12	20	43406	0.0694382	0.60
1	11	0	17837	0.0284960	0.55
1	15	2	35447	0.0566945	0.75
1	20	6	18877	0.0301620	1.00
2	16	10	24940	0.0398701	0.80
1	12	3	43620	0.0697822	0.60
1	12	4	11961	0.0190866	0.60
1	16	20	156259	0.2501469	0.80
1	13	0	128908	0.2063508	0.65
1	14	5	136718	0.2188561	0.70
1	12	6	44225	0.0707503	0.60
1	13	25	34700	0.0554979	0.65
1	10	3	37823	0.0604986	0.50
1	13	25	44549	0.0712691	0.65
1	12	4	16215	0.0258993	0.60
1	13	96	80856	0.1294064	0.65
1	10	3	20438	0.0326606	0.50
1	14	10	34919	0.0558483	0.70
1	16	10	52492	0.0839886	0.80
1	18	3	65884	0.1054323	0.90
1	13	25	28427	0.0454541	0.65
1	18	3	74856	0.1197996	0.90
1	9	12	25220	0.0403183	0.45
1	18	10	76095	0.1217836	0.90
1	19	6	615797	0.9859905	0.95
1	19	20	552163	0.8840954	0.95
1	12	5	45201	0.0723138	0.60
1	11	75	10217	0.0162941	0.55
1	10	3	72717	0.1163736	0.50
1	16	6	41788	0.0668488	0.80
1	18	2	45996	0.0735855	0.90
2	17	4	47962	0.0767340	0.85
2	12	2	38236	0.0611602	0.60
1	15	10	49633	0.0794094	0.75
2	11	0	31758	0.0507871	0.55
1	13	5	39740	0.0635691	0.65
1	11	2	4147	0.0065755	0.55
1	12	6	32655	0.0522238	0.60
1	11	6	57730	0.0923761	0.55
1	12	5	51624	0.0825987	0.60
2	12	50	12379	0.0197564	0.60
1	13	6	71588	0.1145652	0.65
1	13	6	60925	0.0974922	0.65
1	20	2	52870	0.0845935	1.00
1	13	2	127462	0.2040346	0.65
1	12	6	53319	0.0853122	0.60
1	16	20	85566	0.1369483	0.80
1	14	4	35580	0.0569070	0.70
1	12	3	25483	0.0407394	0.60
1	13	6	63714	0.1019571	0.65
1	13	0	31118	0.0497625	0.65
1	13	15	78612	0.1258135	0.65
1	18	6	60545	0.0968824	0.90
1	12	15	106175	0.1699485	0.60
1	12	4	34637	0.0553969	0.60
1	18	12	399431	0.6395298	0.90
1	14	2	7485	0.0119190	0.70
1	16	10	42731	0.0683577	0.80
1	17	10	142614	0.2282980	0.85
1	13	1	61593	0.0985617	0.65
1	12	6	40805	0.0652745	0.60
1	10	3	27450	0.0438887	0.50
1	14	3	739	0.0011171	0.70
1	12	10	8338	0.0132850	0.60
1	14	5	18073	0.0288734	0.70
1	12	5	262	0.0003537	0.60
1	15	3	20508	0.0327737	0.75
1	11	1	15755	0.0251618	0.55
1	10	4	20677	0.0330434	0.50
1	17	5	156350	0.2502919	0.85
1	15	3	11053	0.0176336	0.75
1	12	2	20904	0.0334078	0.60
1	12	25	24966	0.0399122	0.60
1	8	1	5801	0.0092226	0.40
1	12	15	10870	0.0173407	0.60
1	12	5	2093	0.0032859	0.60
1	14	15	68182	0.1091116	0.70
1	13	2	37342	0.0597291	0.65
1	11	2	14905	0.0238004	0.55
1	12	2	2431	0.0038262	0.60
2	12	1	13049	0.0208292	0.60
1	16	4	46363	0.0741739	0.80
1	12	15	76864	0.1230147	0.60
1	11	2	23297	0.0372388	0.55
1	13	4	92018	0.1472799	0.65
2	18	2	105463	0.1688082	0.90
1	12	25	24051	0.0384457	0.60
1	14	10	137206	0.2196380	0.70
1	12	2	23750	0.0379636	0.60
1	12	2	20507	0.0327709	0.60
1	8	3	646	0.0009684	0.40
1	12	15	30103	0.0481368	0.60
1	12	2	21510	0.0343783	0.60
1	12	2	26971	0.0431221	0.60
1	18	7	40663	0.0650464	0.90
2	12	1	4567	0.0072478	0.60
1	14	8	71823	0.1149415	0.70
1	16	50	36147	0.0578159	0.80
1	16	6	42938	0.0686891	0.80
1	16	15	29865	0.0477558	0.80
1	10	1	12624	0.0201479	0.50
1	14	2	13492	0.0215378	0.70
1	8	5	52841	0.0845476	0.40
1	12	2	37474	0.0599395	0.60
1	13	2	40079	0.0641112	0.65
1	12	1	15027	0.0239967	0.60
1	12	2	16716	0.0267018	0.60
1	12	0	39093	0.0625327	0.60
1	12	10	88298	0.1413230	0.60
1	12	20	32907	0.0526268	0.60
1	12	30	21098	0.0337182	0.60
1	19	3	32776	0.0524168	0.95
1	9	7	65020	0.1040484	0.45
1	12	20	17044	0.0272261	0.60
1	10	6	19082	0.0304893	0.50
1	12	1	18930	0.0302461	0.60
1	12	2	30584	0.0489071	0.60
1	12	5	26021	0.0416011	0.60
1	12	15	24055	0.0384532	0.60
1	16	5	25939	0.0414697	0.80
1	18	4	69756	0.1116329	0.90
1	16	60	142206	0.2276441	0.80
1	14	10	135935	0.2176027	0.70
1	18	9	213018	0.3410329	0.90
1	20	4	435920	0.6979598	1.00
1	15	40	125354	0.2006591	0.75
1	13	3	23921	0.0382378	0.65
1	14	5	87254	0.1396506	0.70
1	12	5	7600	0.0121036	0.60
1	15	10	49846	0.0797510	0.75
1	16	50	93338	0.1493932	0.80
1	20	25	73897	0.1182636	1.00
1	19	20	62286	0.0996702	0.95
1	8	1	17947	0.0286723	0.40
1	16	20	87637	0.1402643	0.80
1	16	12	158234	0.2533097	0.80
1	16	2	89504	0.1432544	0.80
1	12	30	56814	0.0909085	0.60
1	14	3	93754	0.1500595	0.70
1	12	13	4668	0.0074094	0.60
1	12	15	9829	0.0156727	0.60
1	17	3	7986	0.0127219	0.85
1	20	8	23887	0.0381844	1.00
1	9	8	7020	0.0111758	0.45
1	14	6	28060	0.0448654	0.70
1	12	10	14486	0.0231307	0.60
1	12	30	11985	0.0191254	0.60
1	12	8	999	0.0015336	0.60
1	12	3	97655	0.1563065	0.60
1	14	5	15267	0.0243804	0.70
1	12	20	105963	0.1696094	0.60
1	8	3	7752	0.0123471	0.40
1	12	4	58243	0.0931974	0.60
1	12	2	36408	0.0582329	0.60
1	12	16	204	0.0002605	0.60
1	14	25	62503	0.1000190	0.70
2	16	3	79310	0.1269313	0.80
1	13	15	128078	0.2050212	0.65
1	15	10	90007	0.1440593	0.75
1	12	15	47950	0.0767154	0.60
1	13	10	72945	0.1167388	0.65
1	14	3	60516	0.0968362	0.70
1	19	8	75083	0.1201624	0.95
1	14	5	53096	0.0849549	0.70
2	13	1	29587	0.0473103	0.65
2	6	2	43629	0.0697958	0.30
1	12	2	74424	0.1191068	0.60
1	12	5	77046	0.1233059	0.60
1	11	50	7540	0.0120070	0.55
1	2	10	58326	0.0933300	0.10
1	14	3	55778	0.0892497	0.70
1	16	10	150980	0.2416934	0.80
2	14	20	24256	0.0387751	0.70
1	12	12	23180	0.0370515	0.60
1	18	5	102369	0.1638541	0.90
1	15	15	38271	0.0612169	0.75
1	16	20	6587	0.0104815	0.80
1	17	5	9017	0.0143727	0.85
1	16	8	90147	0.1442835	0.80
1	13	5	31412	0.0502336	0.65
1	10	10	17986	0.0287351	0.50
1	14	10	76226	0.1219930	0.70
1	10	5	32324	0.0516932	0.50
1	15	8	48284	0.0772494	0.75
1	13	2	51937	0.0830992	0.65
1	12	20	22891	0.0365883	0.60
2	15	5	49059	0.0784901	0.75
1	13	50	10425	0.0166271	0.65
1	12	2	39617	0.0633716	0.60
2	18	5	79893	0.1278642	0.90
2	11	2	139	0.0001574	0.55
2	15	5	106989	0.1712519	0.75
2	11	6	15991	0.0255404	0.55
2	16	25	10075	0.0160677	0.80
2	12	2	24501	0.0391664	0.60
2	16	3	14819	0.0236631	0.80
2	17	3	49056	0.0784855	0.85
2	14	2	29738	0.0475524	0.70
2	12	3	8213	0.0130847	0.60
1	14	12	5929	0.0094288	0.70
2	5	5	6294	0.0100125	0.25
1	14	15	10195	0.0162589	0.70
2	11	2	1228	0.0019000	0.55
1	12	7	13164	0.0210138	0.60
1	15	20	67494	0.1080108	0.75
1	14	3	84779	0.1356876	0.70
1	12	2	7727	0.0123068	0.60
2	10	2	31660	0.0506298	0.50
1	9	2	15835	0.0252900	0.45
1	12	3	61954	0.0991397	0.60
2	14	1	28396	0.0454044	0.70
2	12	2	27144	0.0433998	0.60
1	16	2	27679	0.0442551	0.80
1	15	30	127598	0.2042532	0.75
1	17	6	148950	0.2384424	0.85
1	12	1	17799	0.0284352	0.60
1	17	2	45668	0.0730613	0.85
1	13	30	944	0.0014458	0.65
1	12	10	38555	0.0616707	0.60
1	16	2	43124	0.0689866	0.80
1	11	3	31359	0.0501491	0.55
1	11	3	37790	0.0604455	0.55
2	12	1	45560	0.0728874	0.60
1	14	10	15223	0.0243104	0.70
2	12	3	20928	0.0334448	0.60
1	14	4	37043	0.0592504	0.70
1	18	15	69884	0.1118379	0.90
1	14	15	44599	0.0713500	0.70
1	11	5	93638	0.1498732	0.55
1	12	6	36355	0.0581479	0.60
1	12	3	52806	0.0844904	0.60
1	14	10	49329	0.0789230	0.70
2	17	40	62873	0.1006105	0.85
1	16	2	38342	0.0613294	0.80
1	12	0	78958	0.1263669	0.60
1	12	5	83585	0.1337765	0.60
1	12	5	60420	0.0966833	0.60
1	13	5	59371	0.0950025	0.65
1	13	3	8430	0.0134327	0.65
1	11	2	71008	0.1136373	0.55
1	13	3	9752	0.0155505	0.65
1	10	2	84771	0.1356753	0.50
1	9	3	16967	0.0271024	0.45
2	14	2	25500	0.0407663	0.70
1	17	3	42014	0.0672106	0.85
2	11	1	6606	0.0105117	0.55
1	14	5	33955	0.0543047	0.70
1	17	10	26554	0.0424536	0.85
1	19	15	57134	0.0914213	0.95
1	16	10	28637	0.0457895	0.80
1	11	4	85690	0.1371463	0.55
1	14	15	37915	0.0606461	0.70
1	12	3	16152	0.0257975	0.60
1	17	4	22075	0.0352818	0.85
1	12	3	45374	0.0725905	0.60
1	10	2	2739	0.0043200	0.50
1	9	2	16622	0.0265510	0.45
1	11	10	5078	0.0080647	0.55
1	19	4	51371	0.0821925	0.95
1	12	10	46857	0.0749656	0.60
1	12	5	49319	0.0789079	0.60
1	16	1	150609	0.2411002	0.80
1	13	10	24571	0.0392783	0.65
1	15	1	24985	0.0399426	0.75
2	11	2	41	0.0000000	0.55
2	12	2	8658	0.0137983	0.60
1	7	0	8650	0.0137845	0.35
1	8	6	25136	0.0401832	0.40
2	12	8	2370	0.0037292	0.60
2	10	1	132	0.0001460	0.50
2	11	5	10086	0.0160847	0.55
2	9	3	10971	0.0175024	0.45
1	8	5	941	0.0014414	0.40
1	12	10	25208	0.0402992	0.60
1	12	0	42524	0.0680270	0.60
1	12	5	16050	0.0256354	0.60
1	10	15	29745	0.0475638	0.50
1	14	15	73533	0.1176808	0.70
1	14	4	100425	0.1607412	0.70
1	20	5	49259	0.0788108	1.00
1	20	6	40735	0.0651615	1.00
1	20	40	189514	0.3033973	1.00
1	20	6	101851	0.1630246	1.00
1	16	5	158251	0.2533360	0.80
1	12	8	47366	0.0757793	0.60
1	12	2	15650	0.0249935	0.60
2	12	2	17936	0.0286553	0.60
1	12	4	58946	0.0943220	0.60
1	12	0	47951	0.0767165	0.60
1	14	75	17722	0.0283122	0.70
1	15	3	52266	0.0836264	0.75
1	10	10	10316	0.0164532	0.50
1	20	15	88766	0.1420717	1.00
1	14	5	53033	0.0848538	0.70
1	11	3	45644	0.0730225	0.55
1	11	7	7221	0.0114970	0.55
1	20	10	21469	0.0343112	1.00
1	17	8	45625	0.0729929	0.85
2	12	0	42252	0.0675914	0.60
1	16	50	143654	0.2299621	0.80
2	13	0	85678	0.1371279	0.65
2	12	3	53045	0.0848736	0.60
1	16	15	42894	0.0686191	0.80
2	16	3	43110	0.0689645	0.80
1	16	8	45658	0.0730456	0.80
1	16	2	29377	0.0469741	0.80
1	15	50	66289	0.1060811	0.75
1	14	3	65322	0.1045320	0.70
1	15	5	79134	0.1266485	0.75
2	10	2	5353	0.0085062	0.50
1	16	10	21639	0.0345839	0.80
1	16	6	33159	0.0530308	0.80
1	11	15	63010	0.1008309	0.55
2	12	3	31253	0.0499788	0.60
1	18	5	63927	0.1022988	0.90
1	13	3	12003	0.0191542	0.65
1	12	4	18209	0.0290912	0.60
1	12	25	42317	0.0676949	0.60
1	12	3	480	0.0007023	0.60
1	14	5	106370	0.1702619	0.70
1	14	10	29250	0.0467706	0.70
1	12	6	66150	0.1058578	0.60
1	12	40	10258	0.0163599	0.60
1	14	10	71361	0.1142025	0.70
1	14	5	26791	0.0428339	0.70
1	16	15	26620	0.0425605	0.80
1	15	5	36570	0.0584932	0.75
1	16	96	35475	0.0567400	0.80
1	12	4	36554	0.0584663	0.60
1	17	2	32941	0.0526822	0.85
1	17	4	34259	0.0547918	0.85
1	16	5	59548	0.0952870	0.80
1	16	10	35882	0.0573913	0.80
1	17	4	43792	0.0700573	0.85
1	16	20	53864	0.0861842	0.80
1	16	5	37948	0.0606994	0.80
1	16	10	145825	0.2334389	0.80
1	16	8	8838	0.0140865	0.80
1	13	4	74607	0.1194000	0.65
2	12	3	35481	0.0567496	0.60
1	12	3	33190	0.0530804	0.60
2	20	7	20231	0.0323292	1.00
2	12	2	20511	0.0327783	0.60
2	13	5	21959	0.0350972	0.65
2	11	1	22116	0.0353486	0.55
2	12	5	30420	0.0486443	0.60
2	12	1	24694	0.0394761	0.60
1	11	4	54454	0.0871296	0.55
1	18	20	24534	0.0392192	0.90
2	14	1	69002	0.1104253	0.70
1	12	7	30547	0.0488488	0.60
1	19	20	58969	0.0943602	0.95
1	16	4	58662	0.0938675	0.80
1	20	25	59581	0.0953397	1.00
1	19	1	158380	0.2535426	0.95
1	16	10	53615	0.0857860	0.80
1	12	3	39003	0.0623877	0.60
2	13	5	15079	0.0240798	0.65
2	11	2	8308	0.0132381	0.55
2	17	3	36180	0.0578677	0.85
2	11	5	14505	0.0231602	0.55
1	18	8	107719	0.1724214	0.90
1	13	4	57473	0.0919647	0.65
1	16	4	16812	0.0268544	0.80
1	12	3	80208	0.1283680	0.60
2	13	5	5516	0.0087666	0.65
2	12	7	35178	0.0562644	0.60
2	7	5	20962	0.0334993	0.35
2	13	7	22568	0.0360724	0.65
2	15	3	29038	0.0464315	0.75
1	13	9	29585	0.0473084	0.65
2	14	3	8777	0.0139892	0.70
2	17	3	44353	0.0709551	0.85
1	12	5	10975	0.0175084	0.60
2	13	2	24765	0.0395902	0.65
1	12	10	23017	0.0367911	0.60
2	14	6	56881	0.0910160	0.70
1	13	5	40162	0.0642442	0.65
1	12	10	43995	0.0703816	0.60
2	16	2	39454	0.0631102	0.80
2	14	6	24946	0.0398799	0.70
1	12	4	27948	0.0446867	0.60
1	13	3	41509	0.0664017	0.65
2	9	3	39783	0.0636371	0.45
1	12	2	72313	0.1157275	0.60
1	12	1	61105	0.0977797	0.60
1	12	25	55848	0.0893626	0.60
1	12	10	32807	0.0524675	0.60
1	14	11	44175	0.0706702	0.70
1	16	1	23791	0.0380307	0.80
2	14	5	52931	0.0846916	0.70
1	20	10	80871	0.1294297	1.00
1	16	10	75802	0.1213138	0.80
1	18	20	60596	0.0969647	0.90
1	16	3	69293	0.1108916	0.80
1	16	2	52298	0.0836767	0.80
2	15	5	37122	0.0593766	0.75
2	15	10	32660	0.0522312	0.75
1	12	20	33257	0.0531871	0.60
2	14	5	30813	0.0492744	0.70
1	15	4	9206	0.0146759	0.75
1	12	5	80317	0.1285425	0.60
1	12	10	84982	0.1360136	0.60
1	13	0	76781	0.1228814	0.65
1	16	5	38761	0.0620012	0.80
1	12	6	27816	0.0444749	0.60
1	12	35	17103	0.0273213	0.60
2	12	6	3793	0.0060083	0.60
2	12	2	30831	0.0493033	0.60
1	12	3	41560	0.0664829	0.60
1	12	5	9702	0.0154697	0.60
1	12	2	674	0.0010142	0.60
1	14	11	17884	0.0285714	0.70
1	18	5	14302	0.0228363	0.90
2	13	1	52519	0.0840307	0.65
1	13	2	102457	0.1639952	0.65
1	12	2	40687	0.0650853	0.60
1	12	6	25867	0.0413537	0.60
1	10	1	7188	0.0114444	0.50
1	12	3	63348	0.1013710	0.60
1	12	5	35705	0.0571075	0.60
1	19	3	151894	0.2431576	0.95
1	12	2	51411	0.0822564	0.60
1	16	5	146386	0.2343378	0.80
1	14	15	129465	0.2072427	0.70
1	18	5	98673	0.1579368	0.90
1	16	10	157316	0.2518389	0.80
1	18	6	467454	0.7484530	0.90
1	18	1	108089	0.1730146	0.90
1	13	8	128399	0.2055356	0.65
1	16	20	73290	0.1172916	0.80
1	20	5	48959	0.0783307	1.00
1	14	2	16099	0.0257135	0.70
2	12	5	26877	0.0429717	0.60
1	11	30	72964	0.1167690	0.55
1	14	3	21724	0.0347204	0.70
2	12	30	39623	0.0633815	0.60
2	14	2	41014	0.0656081	0.70
2	12	5	3619	0.0057296	0.60
1	12	0	37033	0.0592337	0.60
2	12	2	69480	0.1111898	0.60
2	16	8	33551	0.0536577	0.80
1	12	15	8517	0.0135717	0.60
1	11	2	32547	0.0520502	0.55
1	12	2	15512	0.0247724	0.60
1	14	3	22253	0.0355666	0.70
1	12	2	38451	0.0615045	0.60
1	10	1	27612	0.0441484	0.50
1	11	6	49235	0.0787721	0.55
1	14	0	13250	0.0211517	0.70
2	14	1	56932	0.0910982	0.70
2	12	3	14806	0.0236431	0.60
2	14	10	22163	0.0354229	0.70
2	18	2	29762	0.0475912	0.90
2	8	2	22598	0.0361196	0.40
1	12	2	19553	0.0312434	0.60
1	20	5	12463	0.0198904	1.00
1	13	3	55295	0.0884757	0.65
1	14	4	32879	0.0525816	0.70
1	14	2	29220	0.0467235	0.70
1	13	10	42804	0.0684742	0.65
1	13	5	14991	0.0239396	0.65
1	16	5	56426	0.0902878	0.80
1	16	6	31477	0.0503376	0.80
1	16	4	58779	0.0940556	0.80
1	16	15	82994	0.1328291	0.80
1	16	3	92920	0.1487236	0.80
1	16	15	82249	0.1316364	0.80
1	14	12	13646	0.0217851	0.70
1	15	10	68717	0.1099681	0.75
1	14	2	59944	0.0959207	0.70
1	18	10	183306	0.2934558	0.90
1	14	12	86037	0.1377029	0.70
1	12	5	43028	0.0688333	0.60
1	12	25	37306	0.0596704	0.60
1	12	10	14645	0.0233848	0.60
1	14	5	50317	0.0805061	0.70
1	12	2	47333	0.0757275	0.60
1	16	8	49657	0.0794487	0.80
1	12	5	16283	0.0260079	0.60
1	12	2	47682	0.0762858	0.60
1	14	6	57782	0.0924589	0.70
1	13	2	9118	0.0145344	0.65
1	12	5	82826	0.1325616	0.60
1	12	3	84715	0.1355850	0.60
1	15	5	76725	0.1227912	0.75
1	16	5	61334	0.0981467	0.80
1	13	10	58187	0.0931076	0.65
1	15	5	81275	0.1300776	0.75
1	12	30	64436	0.1031142	0.60
1	12	10	34561	0.0552753	0.60
1	16	6	36706	0.0587104	0.80
1	14	25	105799	0.1693462	0.70
2	12	1	51686	0.0826968	0.60
2	14	6	91142	0.1458767	0.70
2	9	2	6540	0.0104071	0.45
2	12	3	37848	0.0605391	0.60
1	13	1	34916	0.0558447	0.65
1	14	1	87446	0.1399585	0.70
1	14	4	35501	0.0567804	0.70
1	15	4	47222	0.0755494	0.75
1	12	4	53685	0.0858983	0.60
1	12	1	9349	0.0149039	0.60
1	13	4	27182	0.0434606	0.65
1	16	3	6302	0.0100253	0.80
1	16	24	144242	0.2309040	0.80
1	11	96	13358	0.0213233	0.55
1	17	15	96057	0.1537475	0.85
1	16	2	152538	0.2441888	0.80
1	16	25	144913	0.2319784	0.80
1	16	4	60316	0.0965157	0.80
1	14	2	120272	0.1925226	0.70
1	16	12	39786	0.0636415	0.80
1	16	3	59356	0.0949797	0.80
1	12	2	21702	0.0346856	0.60
1	14	15	74168	0.1186966	0.70
1	16	3	52464	0.0839427	0.80
1	11	5	11147	0.0177829	0.55
1	14	15	6140	0.0097656	0.70
1	15	12	45581	0.0729218	0.75
1	15	15	80383	0.1286490	0.75
1	16	50	155144	0.2483611	0.80
1	14	1	124001	0.1984933	0.70
1	16	50	77738	0.1244140	0.80
1	12	5	69680	0.1115113	0.60
1	18	10	522987	0.8373775	0.90
1	14	5	74830	0.1197564	0.70
1	16	5	27124	0.0433669	0.80
1	19	1	8650	0.0137851	0.95
2	12	0	22698	0.0362794	0.60
2	13	6	61284	0.0980665	0.65
2	13	4	48759	0.0780099	0.65
2	12	6	21689	0.0346646	0.60
2	13	5	62080	0.0993409	0.65
2	14	5	44784	0.0716447	0.70
1	12	5	28684	0.0458650	0.60
1	12	10	31992	0.0511612	0.60
1	14	20	72031	0.1152745	0.70
1	9	4	18106	0.0289269	0.45
1	10	8	48157	0.0770458	0.50
2	13	0	83867	0.1342281	0.65
2	14	10	49792	0.0796639	0.70
2	11	10	16969	0.0271063	0.55
2	12	2	27690	0.0442731	0.60
2	15	2	16883	0.0269684	0.75
2	11	2	10975	0.0175077	0.55
2	13	4	6852	0.0109066	0.65
2	11	15	18614	0.0297398	0.55
2	12	2	6287	0.0100019	0.60
1	12	30	73120	0.1170192	0.60
1	17	15	46328	0.0741179	0.85
1	14	3	70851	0.1133857	0.70
1	16	5	143567	0.2298230	0.80
1	14	6	81236	0.1300156	0.70
1	17	4	217715	0.3485542	0.85
2	13	4	78107	0.1250051	0.65
1	12	3	128652	0.2059402	0.60
1	17	5	109532	0.1753249	0.85
1	6	0	30026	0.0480139	0.30
2	16	50	42830	0.0685161	0.80
1	1	2	1729	0.0027025	0.05
2	16	0	35902	0.0574226	0.80
1	12	3	22971	0.0367163	0.60
1	13	10	15267	0.0243806	0.65
1	16	11	109440	0.1751767	0.80
1	17	20	56814	0.0909083	0.85
1	17	4	100177	0.1603444	0.85
1	20	3	164616	0.2635291	1.00
1	13	2	86943	0.1391530	0.65
1	2	20	52628	0.0842065	0.10
1	13	3	45960	0.0735293	0.65
1	13	15	38633	0.0617961	0.65
1	15	6	31054	0.0496594	0.75
1	12	10	43570	0.0697015	0.60
1	15	0	48064	0.0768974	0.75
1	13	8	82467	0.1319853	0.65
1	17	15	159759	0.2557514	0.85
1	13	10	24002	0.0383673	0.65
1	18	15	102806	0.1645546	0.90
1	18	6	34681	0.0554675	0.90
1	15	3	2535	0.0039940	0.75
1	15	10	33567	0.0536842	0.75
2	12	5	41589	0.0665287	0.60
1	14	4	13485	0.0215279	0.70
2	2	6	41396	0.0662196	0.10
2	17	4	22558	0.0360558	0.85
1	14	3	32538	0.0520368	0.70
1	12	15	9911	0.0158038	0.60
1	12	5	3287	0.0051978	0.60
1	14	7	5016	0.0079660	0.70
1	13	4	18635	0.0297736	0.65
1	13	10	1235	0.0019110	0.65
1	12	15	3224	0.0050968	0.60
1	14	12	123318	0.1974002	0.70
1	18	8	63153	0.1010588	0.90
1	15	6	3494	0.0055297	0.75
1	20	5	15648	0.0249906	1.00
1	15	20	28975	0.0463317	0.75
1	18	15	11761	0.0187669	0.90
1	12	4	35773	0.0572163	0.60
2	15	3	87546	0.1401194	0.75
1	14	1	40123	0.0641813	0.70
1	16	20	67146	0.1074523	0.80
1	10	5	39293	0.0628525	0.50
1	19	15	19448	0.0310764	0.95
2	12	20	24011	0.0383821	0.60
2	11	5	11292	0.0180157	0.55
2	8	2	10955	0.0174765	0.40
2	14	4	14630	0.0233608	0.70
2	12	5	10276	0.0163892	0.60
2	12	15	14861	0.0237306	0.60
2	12	25	11501	0.0183508	0.60
1	12	3	34840	0.0557232	0.60
1	13	15	68045	0.1088921	0.65
1	9	1	36001	0.0575812	0.45
1	16	5	43963	0.0703305	0.80
1	12	5	67083	0.1073518	0.60
1	12	20	37881	0.0605913	0.60
1	12	0	53398	0.0854380	0.60
2	10	1	14955	0.0238810	0.50
2	19	3	43254	0.0691949	0.95
1	12	2	81623	0.1306351	0.60
1	15	8	61455	0.0983408	0.75
1	19	3	33815	0.0540814	0.95
1	16	25	49707	0.0795288	0.80
1	16	5	5475	0.0087018	0.80
1	16	7	6461	0.0102806	0.80
1	18	10	43095	0.0689402	0.90
1	16	5	143155	0.2291646	0.80
1	16	10	88662	0.1419055	0.80
1	14	10	109742	0.1756609	0.70
1	16	2	81409	0.1302917	0.80
1	13	2	17399	0.0277940	0.65
1	20	4	81818	0.1309465	1.00
1	16	5	37155	0.0594287	0.80
1	16	6	33965	0.0543211	0.80
1	12	2	5140	0.0081642	0.60
1	12	15	36135	0.0577967	0.60
1	16	4	105998	0.1696662	0.80
1	13	10	58881	0.0942191	0.65
1	14	25	44575	0.0713108	0.70
1	16	10	33957	0.0543090	0.80
1	15	10	81026	0.1296779	0.75
1	18	50	40717	0.0651339	0.90
1	16	35	53511	0.0856191	0.80
1	17	6	46356	0.0741626	0.85
1	14	1	47208	0.0755272	0.70
1	14	3	15943	0.0254638	0.70
1	18	12	55044	0.0880739	0.90
1	16	3	50386	0.0806151	0.80
1	16	3	34569	0.0552884	0.80
1	12	6	6296	0.0100163	0.60
1	13	30	9299	0.0148242	0.65
1	18	10	29889	0.0477943	0.90
1	16	6	76487	0.1224108	0.80
2	13	2	25467	0.0407130	0.65
1	14	6	33435	0.0534719	0.70
2	13	3	47779	0.0764405	0.65
1	18	96	148545	0.2377946	0.90
1	16	4	158314	0.2534378	0.80
1	12	7	124827	0.1998155	0.60
1	16	10	143598	0.2298729	0.80
1	16	6	148788	0.2381831	0.80
1	19	0	239576	0.3835597	0.95
1	16	30	131123	0.2098969	0.80
1	15	20	134499	0.2153033	0.75
1	14	4	57137	0.0914256	0.70
1	16	10	149801	0.2398054	0.80
1	14	6	47049	0.0752722	0.70
1	10	6	41963	0.0671275	0.50
1	16	1	61561	0.0985099	0.80
1	12	10	86393	0.1382730	0.60
1	16	25	59737	0.0955893	0.80
1	15	8	93686	0.1499511	0.75
2	16	5	68814	0.1101244	0.80
1	12	20	58306	0.0932980	0.60
2	14	4	47067	0.0753004	0.70
2	11	2	38884	0.0621979	0.55
2	13	15	87817	0.1405532	0.65
2	12	5	24304	0.0388518	0.60
2	8	2	348	0.0004909	0.40
2	12	60	34091	0.0545223	0.60
1	14	7	31280	0.0500223	0.70
2	12	4	11755	0.0187574	0.60
1	17	6	12134	0.0193648	0.85
1	12	10	15993	0.0255426	0.60
1	12	15	87830	0.1405742	0.60
1	15	6	99740	0.1596443	0.75
1	20	96	509078	0.8151047	1.00
1	18	7	76210	0.1219667	0.90
1	19	5	94892	0.1518822	0.95
1	20	12	184083	0.2947012	1.00
1	16	15	37436	0.0598792	0.80
1	20	20	38177	0.0610658	1.00
1	20	10	143544	0.2297868	1.00
1	18	10	64005	0.1024242	0.90
1	15	20	63269	0.1012450	0.75
1	12	8	43601	0.0697513	0.60
1	16	5	58771	0.0940422	0.80
1	18	5	56697	0.0907218	0.90
1	16	10	82169	0.1315094	0.80
1	16	4	161182	0.2580299	0.80
1	20	3	103419	0.1655356	1.00
1	16	3	89856	0.1438172	0.80
1	18	10	80765	0.1292607	0.90
1	15	8	69	0.0000442	0.75
1	12	25	120731	0.1932563	0.60
1	18	6	93910	0.1503098	0.90
1	14	14	88177	0.1411298	0.70
1	16	6	158752	0.2541382	0.80
1	15	5	73089	0.1169688	0.75
2	18	5	36609	0.0585558	0.90
2	10	10	21194	0.0338720	0.50
2	12	2	26394	0.0421989	0.60
2	12	5	4673	0.0074162	0.60
1	12	3	58010	0.0928235	0.60
1	11	0	17789	0.0284187	0.55
1	16	15	99139	0.1586817	0.80
1	17	2	53323	0.0853189	0.85
1	19	30	69174	0.1106997	0.95
2	13	8	22675	0.0362424	0.65
2	15	5	27243	0.0435571	0.75
2	12	6	46512	0.0744120	0.60
2	12	2	18856	0.0301278	0.60
2	12	3	53991	0.0863883	0.60
2	14	10	52968	0.0847505	0.70
1	19	2	106430	0.1703568	0.95
1	18	20	25622	0.0409618	0.90
1	12	4	11297	0.0180233	0.60
2	10	1	6830	0.0108709	0.50
1	17	8	80579	0.1289621	0.85
1	20	10	41192	0.0658942	1.00
1	17	10	158132	0.2531455	0.85
1	18	5	72310	0.1157227	0.90
1	18	13	35978	0.0575451	0.90
2	15	7	71653	0.1146693	0.75
2	12	1	21220	0.0339136	0.60
2	12	10	45081	0.0721208	0.60
1	20	20	99305	0.1589490	1.00
1	14	0	27754	0.0443763	0.70
1	12	0	38363	0.0613642	0.60
1	12	3	75539	0.1208927	0.60
1	12	1	636	0.0009522	0.60
2	9	10	8042	0.0128110	0.45
1	16	4	39300	0.0628641	0.80
2	19	10	101686	0.1627605	0.95
2	7	3	11077	0.0176708	0.35
2	0	2	6184	0.0098357	0.00
2	12	2	18166	0.0290233	0.60
2	8	6	9998	0.0159439	0.40
1	13	5	51086	0.0817359	0.65
1	13	1	59763	0.0956315	0.65
1	16	4	32069	0.0512859	0.80
1	13	0	24350	0.0389250	0.65
1	14	5	24825	0.0396856	0.70
1	14	40	58997	0.0944049	0.70
1	16	4	12559	0.0200451	0.80
1	12	3	35418	0.0566477	0.60
1	12	2	50326	0.0805195	0.60
1	16	30	53801	0.0860837	0.80
1	19	50	183807	0.2942579	0.95
1	12	6	88377	0.1414500	0.60
1	14	20	33769	0.0540070	0.70
1	10	20	10363	0.0165280	0.50
1	12	1	41704	0.0667140	0.60
1	14	3	48205	0.0771242	0.70
1	17	3	33028	0.0528205	0.85
1	14	3	49384	0.0790117	0.70
1	18	5	58953	0.0943333	0.90
1	15	5	31537	0.0504331	0.75
1	12	2	38105	0.0609503	0.60
1	14	7	59412	0.0950684	0.70
1	18	10	71800	0.1149056	0.90
1	12	1	25493	0.0407558	0.60
1	15	96	10040	0.0160105	0.75
1	11	0	21231	0.0339310	0.55
1	14	5	54850	0.0877631	0.70
1	16	2	17602	0.0281206	0.80
1	12	5	42183	0.0674802	0.60
1	10	4	38086	0.0609202	0.50
1	16	8	140259	0.2245267	0.80
1	15	3	2676	0.0042195	0.75
1	12	3	99089	0.1586031	0.60
1	12	8	58472	0.0935628	0.60
1	17	2	70843	0.1133737	0.85
1	12	25	104203	0.1667908	0.60
1	18	10	76610	0.1226071	0.90
1	12	2	49589	0.0793403	0.60
1	14	2	104335	0.1670018	0.70
1	12	12	64409	0.1030707	0.60
1	12	2	41893	0.0670166	0.60
1	14	1	41928	0.0670722	0.70
1	13	12	12819	0.0204609	0.65
1	20	3	100339	0.1606036	1.00
1	12	2	15085	0.0240899	0.60
1	13	30	51885	0.0830162	0.65
1	11	5	18221	0.0291102	0.55
1	12	20	7510	0.0119599	0.60
1	17	6	50507	0.0808096	0.85
1	13	3	8772	0.0139811	0.65
1	12	10	25719	0.0411177	0.60
1	12	10	57459	0.0919409	0.60
2	12	0	61552	0.0984956	0.60
2	6	5	7607	0.0121146	0.30
2	11	5	3135	0.0049549	0.55
2	12	5	4299	0.0068174	0.60
1	10	15	2222	0.0034919	0.50
1	12	2	45146	0.0722248	0.60
1	13	15	35906	0.0574299	0.65
1	12	8	27596	0.0441223	0.60
1	12	3	47823	0.0765123	0.60
1	15	2	47785	0.0764514	0.75
1	14	10	30824	0.0492915	0.70
1	16	4	38846	0.0621378	0.80
1	12	3	82522	0.1320734	0.60
1	13	5	123381	0.1975011	0.65
1	19	12	391	0.0005596	0.95
1	14	3	131893	0.2111307	0.70
1	10	4	29076	0.0464932	0.50
1	12	5	75861	0.1214074	0.60
1	18	25	38589	0.0617263	0.90
1	7	2	39442	0.0630920	0.35
1	8	4	8307	0.0132364	0.40
1	12	3	23346	0.0373175	0.60
1	11	1	25889	0.0413902	0.55
1	12	3	31968	0.0511242	0.60
1	16	10	21742	0.0347490	0.80
1	16	3	38892	0.0622106	0.80
1	16	10	33730	0.0539458	0.80
1	12	25	47642	0.0762224	0.60
1	14	10	44493	0.0711788	0.70
1	8	1	19606	0.0313292	0.40
1	12	2	24343	0.0389147	0.60
1	12	2	55236	0.0883817	0.60
1	12	12	45863	0.0733730	0.60
1	13	5	106303	0.1701535	0.65
1	11	2	32512	0.0519946	0.55
1	18	10	31870	0.0509671	0.90
1	12	5	81709	0.1307724	0.60
1	14	20	68052	0.1089030	0.70
1	12	5	63143	0.1010434	0.60
1	17	6	29451	0.0470938	0.85
1	12	6	13912	0.0222111	0.60
1	15	6	53070	0.0849142	0.75
1	14	5	65190	0.1043209	0.70
1	16	1	44243	0.0707797	0.80
1	13	10	65320	0.1045297	0.65
1	12	96	50670	0.0810699	0.60
1	12	25	50456	0.0807274	0.60
1	12	10	31593	0.0505237	0.60
1	12	6	25068	0.0400741	0.60
1	13	2	35394	0.0566091	0.65
1	14	20	51978	0.0831650	0.70
1	18	2	47531	0.0760441	0.90
1	18	10	81069	0.1297482	0.90
1	17	25	308438	0.4938271	0.85
1	16	5	98973	0.1584162	0.80
1	15	25	22440	0.0358661	0.75
1	16	15	64259	0.1028305	0.80
1	12	15	45187	0.0722916	0.60
1	12	6	30182	0.0482633	0.60
1	8	20	9639	0.0153684	0.40
1	10	10	15474	0.0247123	0.50
1	13	3	44488	0.0711711	0.65
1	13	5	27702	0.0442920	0.65
1	10	5	27204	0.0434955	0.50
1	14	3	6996	0.0111374	0.70
1	17	6	108768	0.1741004	0.85
1	16	50	13783	0.0220047	0.80
1	14	1	1960	0.0030726	0.70
1	13	4	50462	0.0807369	0.65
1	12	11	18581	0.0296875	0.60
1	20	30	89225	0.1428067	1.00
1	20	11	37914	0.0606441	1.00
1	16	5	21263	0.0339826	0.80
1	11	5	30726	0.0491353	0.55
1	12	13	49249	0.0787948	0.60
1	14	12	11322	0.0180632	0.70
1	12	12	43930	0.0702781	0.60
1	12	3	60427	0.0966945	0.60
1	14	3	32538	0.0520356	0.70
1	16	3	11940	0.0190537	0.80
2	16	1	34820	0.0556901	0.80
1	13	2	114	0.0001164	0.65
1	12	6	44805	0.0716789	0.60
2	18	6	57788	0.0924680	0.90
1	15	2	5639	0.0089632	0.75
1	9	5	17398	0.0277928	0.45
1	14	0	19640	0.0313835	0.70
1	14	8	49330	0.0789256	0.70
1	12	6	11360	0.0181247	0.60
1	9	3	18853	0.0301223	0.45
1	12	4	13749	0.0219500	0.60
1	4	0	6793	0.0108115	0.20
1	12	5	25599	0.0409248	0.60
1	14	0	8125	0.0129447	0.70
1	8	5	6529	0.0103892	0.40
1	10	5	59781	0.0956601	0.50
1	8	0	13510	0.0215672	0.40
1	13	4	16036	0.0256125	0.65
1	12	5	16960	0.0270921	0.60
1	12	10	20665	0.0330242	0.60
1	8	10	16242	0.0259421	0.40
1	18	3	109557	0.1753643	0.90
2	10	3	9485	0.0151220	0.50
2	8	3	11318	0.0180575	0.40
1	10	10	9591	0.0152918	0.50
1	14	1	32888	0.0525974	0.70
1	16	2	33754	0.0539838	0.80
1	11	1	30626	0.0489742	0.55
2	4	5	16214	0.0258976	0.20
1	12	3	38494	0.0615740	0.60
1	11	6	23150	0.0370043	0.55
1	11	10	29269	0.0468013	0.55
1	8	5	87360	0.1398212	0.40
1	0	7	12935	0.0206474	0.00
2	11	2	3769	0.0059689	0.55
1	12	10	46654	0.0746396	0.60
1	16	25	76960	0.1231672	0.80
2	12	16	18047	0.0288318	0.60
1	7	6	12007	0.0191607	0.35
1	12	3	70399	0.1126616	0.60
1	14	0	32114	0.0513574	0.70
2	11	1	20262	0.0323796	0.55
1	12	1	31689	0.0506763	0.60
1	12	2	99334	0.1589940	0.60
1	13	5	87594	0.1401959	0.65
1	19	20	68209	0.1091544	0.95
1	16	30	40872	0.0653807	0.80
1	12	2	71404	0.1142716	0.60
1	15	5	58170	0.0930797	0.75
1	16	25	65573	0.1049341	0.80
1	14	0	88334	0.1413811	0.70
1	12	2	53216	0.0851472	0.60
1	12	7	16228	0.0259194	0.60
1	12	30	51497	0.0823949	0.60
1	12	3	66032	0.1056688	0.60
1	14	12	56302	0.0900886	0.70
1	12	5	85019	0.1360727	0.60
1	12	10	70303	0.1125078	0.60
1	14	5	54328	0.0869278	0.70
1	12	4	73998	0.1184243	0.60
1	2	2	79323	0.1269510	0.10
1	12	6	68545	0.1096926	0.60
1	14	30	22407	0.0358137	0.70
1	12	3	23709	0.0378987	0.60
1	12	6	4590	0.0072833	0.60
1	12	2	16521	0.0263892	0.60
1	8	5	15625	0.0249537	0.40
1	12	5	41926	0.0670688	0.60
1	13	5	101258	0.1620751	0.65
1	13	5	29938	0.0478731	0.65
1	14	15	18178	0.0290428	0.70
1	13	10	10247	0.0163421	0.65
1	12	3	52340	0.0837449	0.60
1	12	10	38630	0.0617909	0.60
1	14	6	26129	0.0417744	0.70
1	11	20	29740	0.0475566	0.55
1	16	0	87554	0.1401321	0.80
1	12	7	59315	0.0949128	0.60
1	15	1	36024	0.0576187	0.75
1	12	0	38374	0.0613810	0.60
1	7	2	10939	0.0174512	0.35
1	12	12	30337	0.0485127	0.60
1	8	2	13701	0.0218727	0.40
1	10	0	127379	0.2039026	0.50
1	13	0	101554	0.1625489	0.65
1	13	3	1218	0.0018840	0.65
2	14	3	19087	0.0304981	0.70
1	8	1	30896	0.0494065	0.40
2	7	2	6990	0.0111264	0.35
1	13	2	57560	0.0921038	0.65
2	12	1	474	0.0006927	0.60
1	12	3	22324	0.0356813	0.60
1	12	1	46614	0.0745762	0.60
1	8	1	5318	0.0084497	0.40
1	16	0	43859	0.0701644	0.80
1	16	3	38642	0.0618103	0.80
1	1	0	65723	0.1051750	0.05
1	15	25	69293	0.1108915	0.75
1	12	5	28179	0.0450562	0.60
1	12	3	537	0.0007949	0.60
1	11	1	8216	0.0130900	0.55
1	12	3	6307	0.0100342	0.60
1	14	5	62310	0.0997096	0.70
1	11	4	35319	0.0564898	0.55
1	16	4	28753	0.0459759	0.80
1	13	4	14496	0.0231468	0.65
1	16	2	52845	0.0845528	0.80
1	11	2	77953	0.1247575	0.55
1	12	3	42516	0.0680146	0.60
1	12	10	15063	0.0240535	0.60
1	8	10	7571	0.0120576	0.40
1	17	15	37074	0.0592997	0.85
1	12	6	54863	0.0877842	0.60
1	12	4	25955	0.0414956	0.60
1	15	1	8098	0.0129009	0.75
1	11	10	58655	0.0938561	0.55
1	13	3	41395	0.0662190	0.65
1	13	20	23254	0.0371701	0.65
1	12	15	16216	0.0259008	0.60
1	12	2	13625	0.0217508	0.60
1	16	9	29607	0.0473431	0.80
1	16	3	35161	0.0562366	0.80
1	11	3	30601	0.0489345	0.55
1	12	1	52560	0.0840971	0.60
1	12	10	33682	0.0538687	0.60
1	12	5	20360	0.0325353	0.60
1	12	10	58308	0.0933008	0.60
1	17	50	43759	0.0700041	0.85
1	3	2	432	0.0006260	0.15
1	13	2	17324	0.0276751	0.65
1	11	11	31053	0.0496579	0.55
1	12	3	9541	0.0152123	0.60
1	13	1	3010	0.0047538	0.65
1	12	1	35216	0.0563245	0.60
1	13	8	27010	0.0431849	0.65
1	12	10	58026	0.0928489	0.60
1	14	4	20481	0.0327291	0.70
1	13	3	33500	0.0535772	0.65
1	12	2	38865	0.0621680	0.60
2	12	1	42429	0.0678743	0.60
2	10	3	14309	0.0228464	0.50
2	11	4	18612	0.0297375	0.55
2	10	3	2171	0.0034104	0.50
2	14	30	32283	0.0516279	0.70
2	13	11	33183	0.0530698	0.65
2	12	3	13967	0.0222991	0.60
2	15	4	9988	0.0159277	0.75
2	12	3	34774	0.0556164	0.60
2	12	1	10833	0.0172811	0.60
2	14	2	24131	0.0385751	0.70
2	11	5	15028	0.0239988	0.55
2	11	20	14620	0.0233441	0.55
2	14	0	86534	0.1384986	0.70
1	16	11	88958	0.1423797	0.80
1	17	7	92845	0.1486045	0.85
1	12	10	436	0.0006317	0.60
1	16	10	153847	0.2462845	0.80
1	12	6	76719	0.1227820	0.60
1	12	6	122552	0.1961726	0.60
1	13	5	69451	0.1111439	0.65
1	13	6	49550	0.0792769	0.65
1	16	5	157954	0.2528609	0.80
1	15	0	75357	0.1206018	0.75
1	14	20	123061	0.1969882	0.70
1	11	5	107874	0.1726696	0.55
1	12	1	14304	0.0228392	0.60
1	12	30	25833	0.0412993	0.60
1	12	10	21332	0.0340919	0.60
1	11	10	21917	0.0350285	0.55
1	7	5	12453	0.0198747	0.35
2	9	1	18205	0.0290853	0.45
1	12	50	11435	0.0182449	0.60
2	12	1	18475	0.0295178	0.60
2	16	0	69417	0.1110894	0.80
1	15	3	31097	0.0497287	0.75
1	16	4	39240	0.0627677	0.80
1	12	3	10194	0.0162579	0.60
1	13	35	27960	0.0447053	0.65
1	20	10	219372	0.3512078	1.00
1	12	20	32662	0.0522345	0.60
1	16	10	38841	0.0621293	0.80
1	20	10	44412	0.0710490	1.00
1	15	5	37704	0.0603092	0.75
1	10	10	42950	0.0687095	0.50
1	12	13	7985	0.0127209	0.60
1	14	50	12722	0.0203063	0.70
1	17	10	36548	0.0584578	0.85
1	14	6	83489	0.1336225	0.70
1	16	5	40592	0.0649324	0.80
1	12	5	36177	0.0578627	0.60
1	13	3	32555	0.0520635	0.65
1	12	2	32649	0.0522139	0.60
1	14	3	22312	0.0356619	0.70
1	12	15	62305	0.0997007	0.60
1	12	30	44988	0.0719720	0.60
1	16	10	69644	0.1114537	0.80
1	14	10	35700	0.0570989	0.70
1	16	4	15903	0.0253997	0.80
1	14	15	35301	0.0564605	0.70
1	13	11	38004	0.0607886	0.65
1	12	7	5569	0.0088509	0.60
1	15	10	24225	0.0387253	0.75
1	14	4	59358	0.0949819	0.70
1	14	2	30114	0.0481541	0.70
1	14	5	46994	0.0751846	0.70
1	12	2	12508	0.0199624	0.60
1	18	20	21445	0.0342730	0.90
1	20	7	45656	0.0730416	1.00
1	12	11	23600	0.0377235	0.60
1	16	5	78653	0.1258786	0.80
1	12	3	75640	0.1210541	0.60
1	15	2	38295	0.0612552	0.75
1	16	25	74823	0.1197458	0.80
1	18	5	29650	0.0474122	0.90
1	16	2	152622	0.2443231	0.80
1	12	15	7618	0.0121333	0.60
1	12	6	33588	0.0537177	0.60
1	14	5	57413	0.0918672	0.70
1	9	3	52386	0.0838190	0.45
1	12	4	17188	0.0274575	0.60
1	13	3	49330	0.0789243	0.65
1	12	3	62128	0.0994182	0.60
1	10	25	32705	0.0523042	0.50
2	12	15	18677	0.0298409	0.60
1	14	2	67999	0.1088193	0.70
1	13	10	82288	0.1316990	0.65
1	18	10	46383	0.0742060	0.90
1	12	4	75752	0.1212343	0.60
1	15	50	21729	0.0347288	0.75
1	13	2	24587	0.0393043	0.65
1	0	6	19327	0.0308818	0.00
1	14	2	40926	0.0654674	0.70
1	17	11	18640	0.0297826	0.85
1	12	10	16091	0.0256995	0.60
1	20	10	18221	0.0291107	1.00
1	15	10	31970	0.0511265	0.75
1	8	5	53832	0.0861340	0.40
1	15	7	97382	0.1558692	0.75
1	12	15	13105	0.0209184	0.60
1	11	8	89517	0.1432750	0.55
1	14	4	24443	0.0390743	0.70
1	11	15	11658	0.0186023	0.55
1	11	2	14281	0.0228015	0.55
1	16	2	36898	0.0590174	0.80
1	12	4	35549	0.0568582	0.60
1	10	0	366	0.0005199	0.50
1	16	8	60531	0.0968610	0.80
1	12	3	85722	0.1371977	0.60
1	13	6	30700	0.0490928	0.65
1	11	5	24533	0.0392187	0.55
1	8	10	24055	0.0384530	0.40
1	12	5	129012	0.2065164	0.60
1	12	5	71361	0.1142025	0.60
1	9	3	18928	0.0302425	0.45
1	12	5	9384	0.0149598	0.60
1	12	2	19573	0.0312758	0.60
1	9	1	76777	0.1228746	0.45
1	12	4	44559	0.0712854	0.60
1	12	4	16525	0.0263948	0.60
1	13	0	33003	0.0527804	0.65
1	20	4	35280	0.0564272	1.00
2	12	2	13125	0.0209504	0.60
2	14	5	16532	0.0264064	0.70
2	13	3	39791	0.0636496	0.65
1	16	50	21728	0.0347259	0.80
1	14	5	51604	0.0825659	0.70
1	12	7	29189	0.0466742	0.60
1	10	4	29209	0.0467052	0.50
1	17	5	27523	0.0440067	0.85
2	10	3	13824	0.0220704	0.50
1	12	10	24060	0.0384613	0.60
1	16	20	87250	0.1396448	0.80
1	18	12	53354	0.0853685	0.90
1	12	3	33846	0.0541310	0.60
1	12	3	87104	0.1394105	0.60
1	12	3	31930	0.0510624	0.60
1	14	4	20490	0.0327446	0.70
1	12	6	23324	0.0372829	0.60
1	18	18	31704	0.0507005	0.90
1	13	6	53569	0.0857123	0.65
1	15	20	65701	0.1051399	0.75
1	13	2	5760	0.0091569	0.65
2	13	5	7799	0.0124221	0.65
1	9	3	4422	0.0070143	0.45
1	12	10	47250	0.0755944	0.60
1	8	0	10489	0.0167303	0.40
1	12	8	16464	0.0262983	0.60
1	11	3	27441	0.0438751	0.55
1	12	5	30787	0.0492326	0.60
1	0	3	7338	0.0116836	0.00
1	12	0	16208	0.0258882	0.60
1	12	5	7059	0.0112378	0.60
1	12	1	56566	0.0905109	0.60
1	17	2	96393	0.1542856	0.85
1	13	1	21226	0.0339226	0.65
1	12	15	72983	0.1168001	0.60
1	16	70	63254	0.1012214	0.80
1	16	15	145160	0.2323740	0.80
1	16	1	79705	0.1275639	0.80
1	15	5	69628	0.1114270	0.75
2	15	4	65642	0.1050446	0.75
1	13	5	84995	0.1360334	0.65
1	17	10	93795	0.1501251	0.85
1	12	7	89371	0.1430408	0.60
1	14	10	139313	0.2230123	0.70
1	12	5	31704	0.0507003	0.60
1	16	6	94132	0.1506641	0.80
1	14	3	125668	0.2011628	0.70
1	12	10	60948	0.0975287	0.60
1	14	10	86766	0.1388703	0.70
1	12	3	94880	0.1518621	0.60
1	15	15	73038	0.1168879	0.75
1	16	5	349290	0.5592417	0.80
1	16	5	158178	0.2532197	0.80
1	10	5	97373	0.1558545	0.50
1	12	5	121131	0.1938970	0.60
1	16	4	88434	0.1415410	0.80
2	10	2	35168	0.0562471	0.50
1	10	6	51532	0.0824512	0.50
1	12	5	38404	0.0614295	0.60
1	11	4	75403	0.1206747	0.55
1	15	3	28962	0.0463109	0.75
1	10	7	35195	0.0562905	0.50
1	12	2	22941	0.0366690	0.60
1	16	5	153748	0.2461264	0.80
1	12	3	11031	0.0175974	0.60
1	15	2	109866	0.1758586	0.75
1	8	0	10556	0.0168376	0.40
1	9	4	8393	0.0133733	0.45
2	11	2	3362	0.0053170	0.55
1	12	10	20643	0.0329898	0.60
1	12	20	10957	0.0174786	0.60
1	12	1	42158	0.0674402	0.60
2	12	3	31230	0.0499415	0.60
1	12	3	12482	0.0199212	0.60
1	15	20	61353	0.0981769	0.75
1	17	20	68438	0.1095223	0.85
1	18	15	553575	0.8863571	0.90
1	10	2	93504	0.1496586	0.50
1	16	30	65079	0.1041433	0.80
1	12	12	16870	0.0269481	0.60
1	10	4	15390	0.0245773	0.50
2	10	5	65576	0.1049397	0.50
1	13	3	55975	0.0895656	0.65
1	12	2	51715	0.0827444	0.60
1	12	1	7804	0.0124297	0.60
1	12	0	223	0.0002913	0.60
1	13	4	31995	0.0511661	0.65
1	11	5	67903	0.1086657	0.55
1	12	10	28779	0.0460176	0.60
1	12	3	44847	0.0717467	0.60
2	13	2	53692	0.0859093	0.65
1	12	5	52363	0.0837820	0.60
1	13	60	49531	0.0792473	0.65
1	17	10	64633	0.1034294	0.85
1	12	6	46464	0.0743349	0.60
1	12	4	47627	0.0761982	0.60
1	10	10	25106	0.0401363	0.50
1	13	2	20802	0.0332442	0.65
1	8	8	16657	0.0266061	0.40
1	12	15	40156	0.0642353	0.60
1	10	1	17887	0.0285761	0.50
1	12	12	18798	0.0300356	0.60
1	11	25	17242	0.0275431	0.55
1	14	20	50913	0.0814598	0.70
1	14	10	32389	0.0517974	0.70
1	13	3	77343	0.1237805	0.65
1	16	1	77945	0.1247449	0.80
2	14	15	10297	0.0164227	0.70
1	12	9	86765	0.1388690	0.60
1	18	50	147196	0.2356351	0.90
2	14	5	17792	0.0284233	0.70
1	16	16	147674	0.2364006	0.80
1	12	1	128956	0.2064278	0.60
1	12	0	77029	0.1232779	0.60
1	12	1	46128	0.0737969	0.60
1	19	10	16620	0.0265474	0.95
2	12	4	26941	0.0430739	0.60
1	16	5	154550	0.2474098	0.80
1	16	3	46468	0.0743413	0.80
1	18	25	57672	0.0922819	0.90
1	16	10	145359	0.2326928	0.80
1	15	10	123036	0.1969486	0.75
2	12	3	9563	0.0152476	0.60
1	16	5	85208	0.1363751	0.80
2	12	1	29283	0.0468244	0.60
2	11	10	34596	0.0553314	0.55
1	12	1	18020	0.0287885	0.60
2	13	2	57598	0.0921646	0.65
1	12	2	58238	0.0931891	0.60
2	14	3	29448	0.0470879	0.70
1	10	0	11209	0.0178824	0.50
1	15	10	72619	0.1162162	0.75
1	18	4	58014	0.0928300	0.90
1	12	3	28814	0.0460731	0.60
1	14	6	91593	0.1465999	0.70
1	16	5	65100	0.1041761	0.80
1	12	15	123518	0.1977192	0.60
1	14	2	80498	0.1288331	0.70
1	16	2	32089	0.0513173	0.80
1	13	11	53015	0.0848255	0.65
1	12	10	32088	0.0513153	0.60
1	11	2	62367	0.0997999	0.55
1	14	1	39297	0.0628601	0.70
1	12	5	14682	0.0234447	0.60
1	19	6	211925	0.3392831	0.95
1	14	10	123953	0.1984156	0.70
1	16	6	11466	0.0182938	0.80
1	12	50	18659	0.0298127	0.60
1	14	5	25875	0.0413668	0.70
1	12	5	2414	0.0037994	0.60
1	12	8	9371	0.0149393	0.60
1	13	30	11117	0.0177353	0.65
2	12	0	15995	0.0255469	0.60
1	15	3	11701	0.0186710	0.75
1	16	5	25043	0.0400343	0.80
1	11	2	42697	0.0683043	0.55
1	13	9	35875	0.0573801	0.65
1	13	4	46427	0.0742762	0.65
1	14	16	62291	0.0996789	0.70
1	14	2	37054	0.0592680	0.70
1	12	4	3862	0.0061180	0.60
1	14	5	77451	0.1239540	0.70
1	14	10	120997	0.1936827	0.70
1	12	1	2157	0.0033886	0.60
1	12	10	20253	0.0323650	0.60
1	12	15	60138	0.0962321	0.60
1	16	20	34732	0.0555497	0.80
1	12	4	36131	0.0577903	0.60
1	17	5	172232	0.2757239	0.85
1	12	1	26365	0.0421515	0.60
1	12	15	54741	0.0875886	0.60
1	16	2	101885	0.1630797	0.80
1	12	5	69038	0.1104827	0.60
1	11	1	9670	0.0154181	0.55
1	16	5	53755	0.0860100	0.80
1	16	18	59424	0.0950887	0.80
1	12	2	5695	0.0090527	0.60
1	18	4	100719	0.1612132	0.90
1	16	10	70766	0.1132494	0.80
1	18	6	69747	0.1116176	0.90
1	16	5	88076	0.1409670	0.80
1	14	5	33101	0.0529378	0.70
1	16	5	23223	0.0371210	0.80
1	12	1	43560	0.0696863	0.60
1	12	20	23568	0.0376737	0.60
1	12	1	63200	0.1011351	0.60
1	20	5	84269	0.1348714	1.00
1	20	8	367858	0.5889734	1.00
1	16	8	42438	0.0678896	0.80
1	12	2	7760	0.0123607	0.60
1	14	1	57873	0.0926042	0.70
1	12	15	23555	0.0376513	0.60
1	10	10	22642	0.0361897	0.50
1	12	8	20905	0.0334087	0.60
1	16	3	44642	0.0714176	0.80
1	10	10	12264	0.0195714	0.50
1	17	5	45693	0.0731009	0.85
1	17	3	146054	0.2338057	0.85
1	14	10	13098	0.0209076	0.70
1	11	15	79236	0.1268118	0.55
1	17	8	41344	0.0661374	0.85
1	12	4	19282	0.0308092	0.60
1	16	25	47899	0.0766341	0.80
1	12	10	41950	0.0671070	0.60
1	12	2	90782	0.1453005	0.60
2	14	1	19332	0.0308894	0.70
1	20	5	49593	0.0793452	1.00
1	14	3	36816	0.0588866	0.70
1	5	10	3121	0.0049325	0.25
1	12	12	29245	0.0467640	0.60
1	14	2	73111	0.1170042	0.70
1	18	7	203832	0.3263247	0.90
1	14	3	38314	0.0612846	0.70
1	12	2	15751	0.0251555	0.60
2	12	4	22336	0.0357008	0.60
1	13	20	22522	0.0359978	0.65
1	12	5	1041	0.0016016	0.60
1	12	2	17766	0.0283825	0.60
1	15	3	68709	0.1099556	0.75
1	15	2	121698	0.1948059	0.75
1	16	5	20134	0.0321745	0.80
1	12	10	27804	0.0444558	0.60
2	14	2	47604	0.0761606	0.70
1	16	10	33430	0.0534640	0.80
1	12	3	24128	0.0385699	0.60
1	14	10	57875	0.0926076	0.70
1	16	2	76677	0.1227146	0.80
1	16	25	40326	0.0645076	0.80
1	12	3	37281	0.0596319	0.60
1	13	15	36760	0.0587961	0.65
1	12	8	73798	0.1181044	0.60
1	16	5	155660	0.2491883	0.80
2	13	5	6169	0.0098130	0.65
1	14	50	3611	0.0057163	0.70
1	19	10	23620	0.0377563	0.95
2	16	6	21286	0.0340189	0.80
1	14	10	8851	0.0141077	0.70
1	12	15	2010	0.0031529	0.60
1	16	6	13793	0.0220200	0.80
1	12	6	72581	0.1161566	0.60
1	15	3	3151	0.0049796	0.75
2	12	10	43193	0.0690972	0.60
2	12	3	82394	0.1318685	0.60
1	16	10	153067	0.2450362	0.80
1	12	0	435	0.0006305	0.60
2	16	4	9110	0.0145219	0.80
1	14	0	16053	0.0256388	0.70
1	12	1	12106	0.0193185	0.60
1	4	0	11757	0.0187596	0.20
1	9	3	12215	0.0194937	0.45
1	16	5	75676	0.1211113	0.80
1	16	5	48825	0.0781154	0.80
1	12	5	14659	0.0234072	0.60
1	16	5	8162	0.0130039	0.80
1	16	2	12863	0.0205308	0.80
1	15	3	12576	0.0200720	0.75
1	12	25	42863	0.0685697	0.60
1	9	5	3347	0.0052933	0.45
2	12	5	3038	0.0047995	0.60
2	13	1	6920	0.0110155	0.65
1	11	2	4873	0.0077370	0.55
2	14	4	8222	0.0131005	0.70
2	14	0	19204	0.0306846	0.70
2	13	1	38655	0.0618317	0.65
1	12	5	127912	0.2047551	0.60
1	14	2	43404	0.0694355	0.70
1	10	10	15614	0.0249362	0.50
1	16	3	26644	0.0425988	0.80
1	13	3	36916	0.0590462	0.65
1	5	0	3158	0.0049915	0.25
1	16	2	37209	0.0595153	0.80
1	12	5	9143	0.0145742	0.60
1	12	20	7015	0.0111675	0.60
1	12	25	48201	0.0771173	0.60
1	16	2	77551	0.1241134	0.80
1	16	75	151491	0.2425127	0.80
2	14	5	98227	0.1572215	0.70
1	12	6	25369	0.0405571	0.60
1	11	25	11016	0.0175737	0.55
1	16	1	144646	0.2315518	0.80
1	12	2	43071	0.0689033	0.60
1	12	4	26346	0.0421218	0.60
2	12	2	24807	0.0396566	0.60
1	10	3	10232	0.0163187	0.50
1	14	20	13810	0.0220481	0.70
1	13	10	20947	0.0334763	0.65
1	14	4	57938	0.0927092	0.70
1	12	20	22174	0.0354409	0.60
1	14	5	40879	0.0653918	0.70
1	10	3	10597	0.0169028	0.50
1	9	25	27939	0.0446717	0.45
2	15	10	52045	0.0832726	0.75
1	12	2	6019	0.0095716	0.60
1	12	10	122832	0.1966218	0.60
2	12	3	54387	0.0870228	0.60
1	13	5	6076	0.0096629	0.65
1	14	30	14000	0.0223518	0.70
1	13	10	20252	0.0323635	0.65
1	9	6	23450	0.0374833	0.45
1	16	5	189	0.0002364	0.80
1	12	1	82908	0.1326926	0.60
2	12	2	25858	0.0413393	0.60
1	13	5	79452	0.1271580	0.65
